[51.0656973836,30.0449837828],
[50.6976199063,30.807688718],
[50.6657547011,31.022111681],
[51.0985277961,31.4709440866],
[51.4670300203,32.9670445865],
[51.6684811904,35.2485275533],
[52.1518973999,37.6652842323],
[52.8623570378,39.7360186268],
[53.1402109489,41.2523754727],
[53.1230383775,42.2453067132],
[53.296069203,43.0214924158],
[53.4513907522,43.7349954192],
[53.4953193967,44.1959286621],
[53.7858113724,44.5989815616],
[54.5210966058,44.9431638969],
[55.5727243046,45.2443963398],
[56.7328392201,45.6997013989],
[57.5532892879,46.7572705944],
[57.9018485434,48.0254038674],
[58.3369236867,48.3990798852],
[58.9723290114,48.3578494291],
[60.0693666075,48.8468304716],
[61.2854145616,49.3485004623],
[61.6145905168,49.6053894946],
[61.3575002029,49.8975749449],
[61.098892898,50.1311659236],
[60.7501952306,49.9824895983],
[60.1981903022,49.7151638935],
[59.3453846051,49.3278626335],
[58.4492849956,48.6274152742],
[57.9068624099,47.8836434118],
[57.6877763798,47.2614111618],
[57.7222113523,47.222967137],
[57.8996394748,47.5086817259],
[71.8553586301,44.3549103478],
[58.1748438646,45.9389102201],
[58.6852581286,44.3863557448],
[59.0224083175,42.8216785101],
[58.9266777707,41.1863893528],
[58.4907766772,39.5531354814],
[57.6653341988,37.9085447888],
[56.6784674564,35.7579818189],
[55.518825525,33.0734224626],
[53.9216400327,30.624054387],
[52.0778231816,28.9057779853],
[50.0576567407,27.6156127466],
[48.0966648958,25.9745657236],
[46.4229805588,23.6961250354],
[44.9188472414,21.0232392641],
[43.5546271317,18.1056446926],
[42.5543444761,15.0932772177],
[41.9712187534,12.2338281321],
[41.6619494673,9.8057754405],
[41.5053734742,8.0404263772],
[41.4886156813,6.9926472361],
[41.5826076515,6.6264697677],
[41.7752626791,6.9335762929],
[42.013710075,7.9076441471],
[42.2541244707,9.3031572767],
[42.5678783505,10.8034260827],
[42.994687242,12.2370518136],
[43.4528941278,13.5232919522],
[43.8199313453,14.7877056794],
[43.9691541055,16.2789830561],
[43.8534374054,17.8042441201],
[43.6063042461,18.8688719245],
[43.5578342022,19.5798380469],
[43.6822900566,20.3484001357],
[43.68434493,20.8127209077],
[43.719463127,20.4152555813],
[43.9976782409,19.7692122919],
[44.4305356543,19.7668262363],
[45.0851951327,20.1909255913],
[45.6711217338,20.7034432388],
[45.9107198035,21.0903187615],
[46.0554786399,21.1495362396],
[46.3338267069,21.2092487759],
[46.7019850655,21.5033723326],
[47.1880251225,22.0053313702],
[47.6357950136,22.7808388296],
[47.8014104121,23.6202410952],
[47.9262908781,23.8135970225],
[48.0082013492,23.2375892885],
[47.8359148027,22.689647609],
[47.7985747257,22.3684842282],
[48.0956147039,21.7795848869],
[48.2559783955,20.6885096274],
[48.140236989,19.4320862475],
[48.2364603429,18.0961467425],
[48.8377017502,16.4404634304],
[50.2085757688,14.8622487748],
[51.9616783561,13.6758207848],
[53.3309054869,12.4324472859],
[54.2681118219,10.7077575738],
[54.8512492443,8.7018916376],
[55.0897764086,6.9207825924],
[54.8455530712,5.5754309691],
[53.7838219046,4.6892596587],
[51.9759617715,4.1036930921],
[49.8524454757,3.7189473714],
[47.6725588966,3.683865269],
[45.5148371277,4.1577769836],
[43.4234158594,5.1342120192],
[41.397406696,6.5211692022],
[39.4026389691,8.1980985606],
[37.4061152005,10.0527353897],
[35.4508412474,11.9837144403],
[33.6129533778,13.9164481732],
[31.9028045149,15.8127479426],
[30.581427953,17.5921315202],
[30.1380166979,19.271073504],
[30.4556644751,20.8581544648],
[30.8856263968,22.3551630125],
[31.2272894725,23.8455851891],
[31.4408720932,25.4363305598],
[31.3140103157,26.8419622065],
[30.9798489945,27.7761259036],
[30.8555688624,28.6387494964],
[30.9028879689,29.7030666726],
[30.8946289744,30.7983191824],
[31.0884601744,32.0048816742],
[31.600059031,33.3900142917],
[32.1694212736,34.5654842481],
[32.3849535908,35.6777783843],
[32.1558533355,36.8872743359],
[31.7225585494,38.147812829],
[31.5674255904,39.1824088343],
[32.1728008784,39.7526359592],
[33.3525860588,40.4466492178],
[34.7208404124,41.5980249384],
[36.1106359139,42.5109373264],
[37.4845914925,42.6616721047],
[38.8364913401,42.2175835515],
[40.0887856676,41.2338942155],
[41.2930011736,39.8869242065],
[42.4124043769,38.8625176002],
[43.1132302205,38.225155416],
[43.3352865339,37.391652973],
[43.5512401387,35.9323541966],
[43.9402212586,33.8470324307],
[44.1538669411,31.3738005773],
[43.903805995,29.0304858235],
[43.2534041921,27.3129490846],
[42.6426586913,25.9405354963],
[42.5388224892,24.5270436783],
[42.8748443999,23.240214971],
[43.2641171034,22.1494716479],
[43.305574659,20.9842965587],
[42.4662417973,20.1161068368],
[40.7479622475,19.9541006946],
[38.885526512,20.0929684996],
[37.4306133815,20.4611375602],
[36.342211461,21.1785440976],
[35.7569117859,21.3703000252],
[35.7504684528,20.6803336702],
[35.8458016531,19.9207875914],
[35.7514421833,19.6507880791],
[35.5743127931,20.0285469397],
[35.5235689483,21.2528864679],
[35.6021723799,23.0422434299],
[35.6082784191,24.8472588599],
[35.3963772188,26.4054126636],
[34.8759479551,28.1477517872],
[34.2445892479,30.4597853317],
[33.7466928306,33.355041077],
[33.2768981168,36.5302160658],
[32.4393389961,39.5077401514],
[30.8378838068,42.6514764107],
[28.5619510652,46.1141114962],
[26.4495054272,48.9864957916],
[25.3133756544,51.3833243685],
[25.1928577998,54.088408754],
[25.4273736478,57.0694436741],
[25.1715312843,59.7943695348],
[23.9894486342,61.8837923615],
[22.1958391219,63.2086768466],
[20.3890337801,63.8903582607],
[18.9647498453,64.2754407772],
[18.1598311487,64.5808754492],
[18.3682394456,64.7555012093],
[19.948203384,64.6212435972],
[22.1197887054,64.1213077745],
[23.9821684569,63.097501369],
[25.6585651849,61.5453047858],
[27.3592116266,59.8201099679],
[28.9857539623,58.2245945954],
[30.4401603017,56.6145586989],
[31.7382363165,54.7925870928],
[33.0493944106,52.8956234189],
[34.4249876416,50.9711236837],
[35.517044064,49.1053504232],
[36.1688806957,47.3899648288],
[36.5090393008,45.5490667878],
[36.8786933031,43.5915444792],
[37.6457824795,42.050261208],
[38.6493551696,41.0905314728],
[39.4030291143,39.831924653],
[40.0891136085,37.7396288177],
[41.1185164104,35.8294684226],
[42.0962095904,35.4891887349],
[42.707799275,36.7740116338],
[43.1887271137,38.3512643757],
[43.7230937116,39.7150395809],
[44.36051522,41.3073606416],
[45.2874743577,42.6092750983],
[46.61018035,43.1412279595],
[48.071431487,43.7066638894],
[49.4570419398,44.542692711],
[50.81850508,45.2050632489],
[52.3241365979,45.9575849959],
[53.8968282335,47.0186802907],
[55.005736836,47.9443379969],
[55.4851270184,48.2819211208],
[55.3251112815,48.417723445],
[54.1634474549,48.2458001598],
[52.3331752003,47.0523705424],
[50.8594839075,45.0237592725],
[50.1629570022,42.8871456344],
[49.9540612399,41.4963789832],
[50.4153111266,41.1130465127],
[51.799785345,40.6317095665],
[53.2161378483,39.0797996939],
[53.9844193011,36.7583737236],
[54.2059597604,34.5655232399],
[54.2502743455,32.8197831173],
[54.3731505805,31.4158885192],
[54.4380943391,30.3480660931],
[54.112543768,29.5040937041],
[53.62736513,28.7777128635],
[53.4336188012,28.3450443943],
[53.2274489133,28.6234082242],
[52.8272701862,29.7206926061],
[52.588921726,31.081856851],
[52.7883569011,31.7959047766],
[53.3647279024,31.7893403322],
[54.1253579654,32.0468134816],
[55.1699284707,32.7221312732],
[56.3495775664,32.809995342],
[57.2617905586,32.4629495964],
[57.9819917719,32.5201853968],
[58.6078126656,32.5109696715],
[59.2626712106,31.9991413576],
[59.9694157664,31.0105192718],
[60.5142349973,29.6619341279],
[60.9696558787,28.5512163353],
[61.3731969146,27.8563040592],
[61.6113272922,27.3638699688],
[61.83405053,26.9621166091],
[62.1380814975,26.3652946595],
[62.5692336702,25.7915790637],
[63.1244433402,25.5243134791],
[63.6185322412,25.3982343195],
[64.1412389101,25.1611280291],
[64.745409169,24.5504874971],
[65.2967614896,23.8329376216],
[65.9543967776,23.1997994724],
[66.9478878048,22.5794938156],
[68.1307308951,21.9424556658],
[69.2341237215,21.5083935169],
[70.1744127549,21.4556709899],
[70.9698480133,21.4778393088],
[71.5330597683,21.5694539395],
[71.8395466848,21.9107625188],
[72.0029513204,22.1441102954],
[72.1266564915,22.0157763887],
[72.4882638926,21.8355099872],
[73.157956429,21.8224327419],
[73.7672149726,21.941007186],
[74.0995521561,22.5219558184],
[74.4372067378,23.3228136983],
[74.8194514249,23.930373874],
[75.1145525039,24.4090246286],
[75.38560539,24.600967486],
[75.6280565718,24.5807992249],
[75.8850369245,24.8165419978],
[76.4728707077,25.3887545108],
[77.3506007895,26.2754251267],
[77.9236133338,27.4416899632],
[77.7915914316,28.7159297431],
[77.0372498104,30.1022967859],
[76.1290743527,31.4558453794],
[75.233063065,32.404106078],
[74.0652185492,33.0727917794],
[72.5433733965,34.0545899217],
[70.7585585323,35.4900630572],
[68.7035686652,36.8994006725],
[66.5456438636,38.2840391301],
[64.463713914,40.009472864],
[62.2903109617,42.3610855458],
[60.1444514661,44.9982203609],
[58.5258141887,47.2839339219],
[57.3327889929,49.3241051945],
[55.9083430799,51.321938749],
[54.1177465821,53.187529367],
[52.2255489364,54.9738488434],
[50.5651699957,56.6674711461],
[49.4150277036,58.0923694888],
[48.7639537095,58.9255269241],
[48.4026517487,59.0374669322],
[48.2725589166,58.745005528],
[48.4491146358,58.3292760269],
[48.8479930211,57.8685272893],
[49.3240208066,57.4622605829],
[49.838704217,57.199149299],
[50.3907136203,57.0058303496],
[50.9301269191,56.8016165612],
[51.493497163,56.5933022313],
[52.2774803332,56.3549108746],
[53.348492309,56.212996571],
[54.5556394089,56.4632271229],
[55.6888272141,56.9784312874],
[56.591915239,57.2830800592],
[57.2421841269,57.0050863746],
[57.2605796746,56.2160904134],
[56.2416159162,55.7462811034],
[54.7748049616,55.8805972042],
[53.5752638181,56.1686224978],
[52.7998159055,56.3972532906],
[52.3751974199,56.851049652],
[52.0260299658,57.6611718127],
[51.2814903748,58.4849314363],
[49.9647229218,59.5108418806],
[48.3485181462,61.1898704034],
[46.7552608471,63.2946021602],
[45.5416038788,64.8518150432],
[44.5714400352,65.3386382941],
[43.3717117248,65.3958698884],
[42.0408423054,65.8406441949],
[41.0284485128,66.6675139466],
[40.5124844293,67.0522222206],
[40.3112837597,66.6849147512],
[40.4034160072,66.0678665253],
[41.0113299145,65.3861489558],
[41.9385364494,64.5791848798],
[42.8138102579,63.5406007936],
[43.1895996656,62.1582501092],
[43.0719051745,60.584228565],
[43.051621602,59.1214828071],
[43.3355385162,58.1603963969],
[43.7070919681,57.685354596],
[43.9702227004,57.426765056],
[43.9881094384,57.2604605467],
[43.7410613822,57.2874982025],
[43.3761461265,57.4774814503],
[43.0661728365,57.5884818553],
[42.9002664047,57.4766069604],
[42.9357156349,57.3612277126],
[43.138339007,57.4817751451],
[43.4674177527,57.6564559483],
[43.9760441396,57.6010504473],
[44.7087677048,57.4237630861],
[45.6221577518,57.3866439044],
[46.8305572608,57.5888228179],
[48.3830847817,58.0703760033],
[49.9898224434,58.8124817513],
[51.397374284,59.5252230662],
[52.5790715013,59.7273966274],
[53.5538009385,59.3849140785],
[54.4037505298,58.9072023901],
[55.0582254548,58.4835278673],
[55.62927798,58.1355871062],
[56.7411374534,58.0234985501],
[58.3508146522,57.9508794099],
[59.5891004174,57.1772207895],
[60.6537663232,56.3662736153],
[62.1343920542,57.1388535287],
[63.8019101493,58.9316924866],
[64.9115890214,59.7814761393],
[65.4397382965,59.1579282852],
[66.0121590284,58.0419665894],
[66.6927488421,56.9004879895],
[67.0908154081,55.582216273],
[66.8120515015,54.8000285723],
[66.4094860704,54.8710044375],
[66.3438094675,55.5163208002],
[66.339575426,56.2127978445],
[66.4471461833,56.5532461833],
[66.7903890135,56.7830969076],
[67.1401975882,56.9502401641],
[67.3787204859,56.9077144601],
[67.6520409484,56.6138098051],
[68.193379675,56.2455679411],
[68.8994620474,55.8165137112],
[69.4275845998,55.1346143734],
[69.8431936529,54.1363760617],
[70.4604459402,52.8922435888],
[71.1834380588,51.5430238825],
[71.7460716806,50.1815450268],
[71.9866240086,48.8086057283],
[71.9997209504,47.4063186838],
[71.9136040951,46.0042233741],
[71.7381344526,44.621842168],
[71.6781333022,43.121387626],
[71.7914133534,41.2376552776],
[71.926616176,39.0387755406],
[72.0327423062,36.9708670015],
[72.1879230091,35.1707107958],
[72.5288042077,33.229352969],
[72.9097670534,31.3513450658],
[73.2424382367,30.0190720509],
[73.6774447497,29.092808158],
[74.1681309023,27.9620690019],
[74.6759232002,26.3494978358],
[75.0974390996,24.630378208],
[75.4606830329,23.0559604064],
[76.0472949461,21.5229943332],
[76.9718044227,20.133526607],
[77.9178701549,18.7767825651],
[78.4435820628,16.9926554146],
[78.4103195883,14.8552865915],
[77.9700306961,12.9753975103],
[77.3243727535,11.6258427095],
[76.7220066721,10.6826715522],
[76.3331739813,9.9142572211],
[76.2503156023,9.1953759438],
[76.5347401449,8.561900317],
[77.0801396952,8.057573335],
[77.748370797,7.6462688093],
[78.5507141078,7.3024147092],
[79.4978098624,7.0537788774],
[80.4839861616,6.8991848489],
[81.307091297,6.8293692177],
[81.9991639109,6.8256959429],
[82.5161264207,7.0114247856],
[82.6240698753,7.5123939012],
[82.7806989358,7.8985169335],
[83.5521515421,7.7343865523],
[84.6558894723,7.3430575299],
[85.5964782632,7.0291470686],
[86.3050474051,6.5963627234],
[86.4001884716,6.3032971105],
[85.6611843209,6.4807191428],
[84.6544043343,6.7479672575],
[84.1177862418,6.7272276489],
[84.0833326444,6.6203977676],
[83.8869600229,6.5868574675],
[84.0990270601,6.2166168811],
[85.2444484708,5.3382787686],
[86.030947167,4.5157982536],
[85.8158935075,4.1397760708],
[84.9273889049,4.1271420738],
[83.533536455,4.471746049],
[82.0073285156,4.9554054322],
[80.5218478409,5.3784531547],
[78.9094678832,6.0860249092],
[77.1402656955,7.3466801622],
[75.3248961046,8.7772260367],
[73.4443504475,10.1035931235],
[71.6798906673,11.6286325074],
[70.1763870217,13.4833034151],
[68.913260134,15.4061259004],
[67.9130764813,17.2933002675],
[67.1893754351,19.4859356201],
[66.7494590664,22.076603292],
[66.4084194687,24.6733491746],
[65.9247665175,27.0598355335],
[65.525697294,29.2132924299],
[65.3792381607,31.4257706078],
[65.0667274844,33.8490857019],
[64.5384714228,35.8102486697],
[64.2503267535,36.5497518963],
[64.4637380764,35.6837297381],
[64.9113009202,33.5244179535],
[65.3609100053,31.3439268157],
[65.8276333861,29.8850831041],
[66.0558956483,28.0660459477],
[66.1167991835,25.6708074558],
[66.279403084,23.7185402837],
[66.4587973081,22.1682043563],
[66.7340361271,20.4750625255],
[67.1753944694,18.9999393394],
[67.6275231329,18.5496759144],
[68.044689984,18.6577925587],
[68.4654310627,18.3946120672],
[68.6713883697,17.8043916457],
[68.1965390021,17.3489484043],
[66.8706447077,17.0026382002],
[65.0226048144,16.8706823726],
[62.9592763259,17.258973202],
[60.7514392912,17.9760374295],
[58.4444175726,18.2826836707],
[55.739030834,17.6015220928],
[52.3591192788,16.2111631795],
[48.9978947237,14.7693793088],
[46.1368460843,13.4201588399],
[43.5377999772,12.2575602103],
[41.0072838688,11.6513185014],
[38.6971769838,11.8073176292],
[36.9349109394,12.4405671482],
[35.6615813729,13.268068408],
[34.5300046314,14.2998768784],
[33.3908532205,15.5847005162],
[32.5342195765,16.955448843],
[61.159364304,37.3722999098],
[32.9987924808,19.1189854442],
[33.8117809205,20.247582356],
[34.6651824498,21.3326761486],
[35.4333526011,22.3283419989],
[36.2271225812,23.1920135447],
[37.3899742997,23.6931760848],
[38.7562269124,24.3975469301],
[39.7793457925,25.9528800132],
[40.4614193838,27.9252491908],
[41.0760614566,29.8234124878],
[41.6451689807,31.5575904408],
[42.2175135171,33.2400146796],
[42.931966736,35.0616007044],
[43.628651727,36.983650512],
[44.2935717984,38.2129817305],
[45.4106357305,38.4875978907],
[46.7867271715,38.7025006985],
[47.8223894372,38.999963853],
[48.4278371918,38.9230777594],
[48.4852755746,38.6655033694],
[48.2019697467,38.3934484044],
[48.1668762579,37.6766869527],
[48.2227712131,36.3480700871],
[48.1130396321,34.8730359527],
[48.0266098825,33.0412619821],
[48.0774883514,30.518911859],
[48.0601355701,27.7218808631],
[47.7125969833,25.3490894415],
[46.8118865816,23.6326546325],
[45.1951901921,22.2531902864],
[43.0725145408,20.8519227072],
[40.9435212821,19.4824768273],
[39.360577013,17.9545863827],
[38.3385620792,16.1429909283],
[37.3814398491,14.4934695118],
[36.6161983465,13.58539616],
[36.3897121099,13.5841400738],
[36.3898053146,14.4327054087],
[36.2431729771,16.0258881904],
[36.1781379516,17.8908100397],
[36.2456987558,19.2160251406],
[36.1220586245,19.6991723348],
[35.8808699749,19.9968338149],
[35.7543588622,20.6507586384],
[35.9309808859,21.6180534442],
[36.6197143422,22.7407773259],
[37.7485692229,23.9013424743],
[59.5965224552,35.4100090108],
[39.6954423706,27.1182225465],
[40.2153908595,29.3622776619],
[40.8682144109,31.7628814357],
[41.6817179135,34.6736547146],
[42.718173048,37.6613523026],
[43.8861026452,39.9744150363],
[44.9386854343,41.2957839561],
[46.2275242409,41.9105119631],
[47.6410363383,41.626874825],
[48.4608068925,40.008875852],
[49.0332914288,37.9923333552],
[49.7767835683,36.7492339375],
[50.2823234812,36.4715601225],
[50.3587643708,35.9369938616],
[50.3040549953,34.5571175996],
[50.4269883491,32.8549733668],
[50.8848341276,31.1533836984],
[51.550153543,29.9353808447],
[51.9827013609,29.4617849047],
[52.2036662613,29.4687542909],
[52.1282907639,29.9823873725],
[51.3785180362,31.1187462746],
[50.0321781941,32.7588384516],
[48.9562116255,35.2050820007],
[48.7284560019,38.1171193229],
[49.0525922283,40.6503494796],
[49.7015124808,42.5449871176],
[50.8140499468,43.8727254749],
[52.4955724586,44.3972679595],
[54.5113377615,44.0126202584],
[56.5958889401,43.4241024974],
[58.3573593475,43.016341517],
[59.7559225022,42.2104682967],
[61.0279873262,40.7187450064],
[62.131090621,38.6996067414],
[63.0570571815,37.0472685062],
[63.9515693127,36.4802252961],
[64.5661747427,36.7553408084],
[64.3400165382,37.6035240294],
[63.4242882077,38.8076714305],
[62.3735142704,39.6851553114],
[61.207797846,40.1425339654],
[59.7897608515,41.1045667092],
[58.1774107595,42.4768770668],
[56.324556429,43.6566989198],
[54.4740734948,44.7698593239],
[52.8049431095,45.8672131284],
[51.321175462,47.0640962575],
[50.3659497469,48.3793134456],
[50.3913090183,49.6211920912],
[51.4296805634,50.3176752155],
[53.0237103366,50.4724624601],
[54.8286551349,50.4314333364],
[56.5426725525,50.1317941691],
[58.2331237896,49.8607202089],
[59.9430782475,50.5170680407],
[73.1708640232,48.162253003],
[61.4100914541,51.8984236831],
[61.3190149047,51.3764539767],
[61.4605083627,51.0006782301],
[62.0394906201,50.8449610715],
[62.4951813276,50.8029963459],
[62.328758494,50.5985449017],
[62.2161688419,50.2368634528],
[62.6948173757,50.199632005],
[63.0555276893,50.2484920888],
[63.1875977297,50.1042667849],
[63.4031033478,49.9255377794],
[63.4303950123,49.5344493325],
[62.8084085762,48.5737760448],
[61.9492041681,47.4586090304],
[61.2902688178,46.6166532149],
[60.8295584335,45.3269161247],
[82.1035973389,36.4978495835],
[59.8236300107,42.4432369741],
[58.8566340926,42.033930857],
[57.5341863955,41.7255572641],
[56.1971078734,41.1209640615],
[55.2287461008,40.4573111537],
[54.63413104,40.4457957738],
[54.3048995372,40.8844440723],
[54.267433446,41.2027855859],
[54.4461933857,41.6993901611],
[54.8562700155,42.5443281168],
[55.5553542527,43.3216355213],
[56.4284861868,43.6434707023],
[57.6446730628,43.8632244673],
[59.1965962604,44.4418858507],
[60.2475834303,45.2947638157],
[60.9010279142,46.1695097825],
[62.1151018401,46.9693312107],
[63.5028722708,47.7480081465],
[64.2381440006,48.8625273447],
[64.5710056007,49.8937842159],
[65.251258176,49.9784332957],
[66.4240954389,49.3523500905],
[67.3183807192,48.7563439704],
[67.7185999818,48.454655874],
[68.0229448174,48.4789860577],
[68.1720821763,49.0688023851],
[68.3483823708,50.0390800961],
[68.853524704,50.8314386173],
[69.4336123394,51.1384640424],
[69.9195962604,51.0322345801],
[70.4609637143,50.737307042],
[71.036790562,50.4736241191],
[71.4657520076,50.4884196784],
[71.7717314865,50.937009714],
[72.072591251,51.5696584392],
[72.3983385273,51.8352342242],
[72.7882681354,51.6024979678],
[73.2101503024,51.2769882996],
[73.3814759046,51.5917309774],
[73.1383798288,52.4709124723],
[72.7733174584,53.2395713996],
[72.721378375,53.429102385],
[72.7383486054,53.0192930611],
[72.439150705,52.3256694605],
[71.8579006601,51.7023427463],
[71.1480648478,51.1830767441],
[70.4111730008,50.5678147864],
[69.6382951283,49.8115419154],
[68.7153929572,48.9911019115],
[67.7680041289,47.9911168446],
[66.8656139837,46.6503301854],
[65.9118125246,45.2000575307],
[65.4252268253,43.7502818303],
[65.3553054999,42.2769422018],
[64.8138561641,40.5700953172],
[64.0035125725,38.7017316071],
[63.4259536248,36.9868507581],
[62.9968438499,35.1843066489],
[62.6155548585,33.0140712729],
[62.3017022816,30.8042063962],
[61.98020641,29.062579101],
[61.6156664328,27.9738090569],
[61.2343836603,27.0657880054],
[60.8927735924,25.8316265079],
[60.6551922456,24.3170632351],
[60.3823959094,22.8702630303],
[60.0594009678,21.5441105762],
[59.8317831978,20.2007950135],
[59.8555520945,19.1351378666],
[59.877117592,18.454050653],
[59.7573434857,17.6034524647],
[59.9547532146,16.2741833454],
[60.5785306264,14.6536592344],
[61.4460856965,13.1031890746],
[62.7166840634,11.7579085973],
[64.3403925614,10.7101036657],
[65.8104894652,10.0520150752],
[66.8534901682,9.7976549618],
[67.5602335093,9.8842131462],
[68.07831081,10.1461595178],
[68.4947961217,10.5160272697],
[68.7819136833,11.0484206101],
[68.8173588148,11.6940259005],
[68.4903321703,12.3429841653],
[67.8473497358,12.7662041144],
[67.1822045778,12.9549345492],
[66.5105438446,13.134063272],
[65.7418109301,13.3383856088],
[65.0483177627,13.4051300486],
[64.3471658672,13.5429831811],
[63.359598817,14.1290371702],
[62.1713823706,15.0136188452],
[61.0874668412,16.0686742799],
[59.9603711174,17.2743971725],
[58.539715234,18.5978410949],
[56.9642705119,19.8540754119],
[55.334371151,20.8266983483],
[53.8300191213,21.5526639729],
[52.4105565814,22.3919336623],
[51.006542437,23.4633345024],
[49.7828374118,24.6846007551],
[48.8914157831,25.9949279598],
[48.6499935502,27.6065598051],
[48.7162185571,29.3376986046],
[48.4583296478,30.6338925397],
[47.9020636771,30.8401161549],
[47.2527464693,29.8608196735],
[46.5569333719,29.3608162795],
[45.8978039166,30.1960942388],
[45.4969900442,31.2752398232],
[45.5523999267,31.791049168],
[46.0258514268,31.8395569822],
[46.4891657947,31.8735503231],
[46.7320327019,31.9047743166],
[46.7338693554,31.02582616],
[46.6121584702,29.4547942789],
[46.4947653687,28.4251482973],
[46.4767401545,27.9928102018],
[46.3201183251,27.4353774312],
[45.9909650507,27.0350478974],
[45.6548401559,27.0136941358],
[45.2902391051,26.9545753224],
[44.8255672814,26.6306464968],
[44.2443062238,26.1771021956],
[43.7033399735,25.8962398959],
[43.4311256523,25.8682057435],
[43.265774957,25.9917724141],
[42.9456845149,25.973218573],
[42.6060253305,25.5990935919],
[42.2419694331,24.9281659956],
[41.634701954,23.8158714806],
[40.7509620219,22.5340223448],
[39.6517203331,21.4349291455],
[38.4849617019,20.5012155834],
[37.1515846431,19.84566662],
[35.6938964492,19.4159275569],
[34.6129287398,19.0080699082],
[33.9966570974,18.341240142],
[33.5326472447,17.2174948571],
[33.2143785062,15.7622436276],
[33.339781831,14.3434363272],
[34.0511839758,13.5802544716],
[35.2352416578,13.8327955508],
[36.6774802513,14.9411634478],
[37.8849136884,16.7222822539],
[38.5404676251,18.9284978007],
[62.0888970596,27.8059603326],
[39.9573764661,22.9203058501],
[40.6113003742,25.178992267],
[40.9603864316,27.9503008783],
[41.2378183473,30.8419200492],
[41.4010066292,33.690735034],
[41.4994448403,36.6945484881],
[41.3310791465,39.4345183194],
[40.4479099207,41.3738570024],
[38.9372510952,42.7188432308],
[37.2620440259,43.9652844153],
[35.6058538426,45.6966354125],
[33.6235644064,47.6869420713],
[31.0934797265,49.310644933],
[28.1423542817,50.1791563887],
[24.9208969226,50.1043399859],
[21.6454982203,49.0699091269],
[18.6160020401,47.4083570165],
[16.3787106439,45.8878976831],
[15.2266493311,44.8815896202],
[14.8798589622,43.8908260377],
[14.9613993901,42.0910970408],
[15.2161107444,39.3443753941],
[15.9458285134,36.3525317287],
[16.9522126721,33.7287721231],
[17.6566778953,31.2978410375],
[17.9573238806,28.7532876065],
[17.6207736135,26.2934768682],
[16.4721591714,23.5988632665],
[14.9457770967,20.3196842729],
[13.6241977465,17.2844558806],
[12.6306312893,15.0620818451],
[11.7047186093,13.0630900382],
[10.3513387238,10.8101911664],
[8.7953659916,8.8696606994],
[8.0642925927,7.950494552],
[8.4433348572,8.2059471106],
[9.2253967202,9.6613768973],
[10.0683801443,11.9616181246],
[11.2610953844,14.3934929742],
[13.0052140194,16.7605175372],
[15.2224108074,19.2616408801],
[17.6908462624,21.6275254588],
[20.0642381935,23.6838505487],
[22.0734365128,25.6989585142],
[23.9113921512,27.5380612812],
[25.7038272542,28.9112456553],
[27.2845112281,29.7827280064],
[28.6215096816,30.4515115179],
[29.8057791033,31.2315076079],
[31.1298768578,32.1027427574],
[32.5349863869,32.8140199126],
[33.4535116781,33.5997665978],
[34.1526452667,34.8368913193],
[35.1275252952,36.379017568],
[36.3411415434,37.5955570119],
[37.738146993,38.3726552742],
[39.2991088387,38.9914944772],
[40.8522295875,39.6685205647],
[42.3417469587,40.2351101483],
[43.8824028592,40.0259128424],
[45.3439655617,39.108167865],
[46.447424344,38.2585721429],
[47.1753284115,37.051935283],
[47.5960791962,35.3215712942],
[47.8632764143,33.5955599052],
[48.2826449926,32.2110008011],
[48.9733311421,31.2289972073],
[49.6924009134,29.8329082412],
[50.2583414607,27.7339734981],
[50.6760268645,25.6587835133],
[51.0485929145,24.0343293961],
[51.5980053927,22.5375098118],
[52.2283801287,20.7824310521],
[52.6525205863,19.0700190078],
[52.9395170309,17.9363466852],
[53.2637933146,17.4505429019],
[53.6382972298,17.4947224197],
[54.0257130955,17.9023889146],
[54.0580867504,18.4267460963],
[54.0045229733,18.8069342656],
[54.6441664452,19.1566996136],
[55.5689893127,19.6823700247],
[56.2166056442,20.2398658607],
[56.8568898409,20.8494295847],
[57.6562887059,21.5411364909],
[58.3616082863,22.0619890766],
[58.9008436628,22.399884038],
[59.4601570683,22.7716950794],
[59.9410918629,23.264337328],
[60.2201698773,23.6960246643],
[60.5297027398,23.8856058925],
[61.0196700671,24.0387806592],
[61.5827990398,24.0080888532],
[61.9809992102,23.4977994987],
[62.36757254,23.2007868978],
[62.9405795881,23.3035050449],
[63.1881525826,22.9607647185],
[63.0489438523,22.2082621076],
[62.8009431043,21.5567534435],
[62.5151376629,21.0736512385],
[62.189460969,20.6707009099],
[61.901181158,20.3570630752],
[61.6932053409,20.0409067329],
[61.4482128905,19.5072634112],
[61.2947795023,18.9714691786],
[61.5145693025,18.6535295902],
[61.8597794126,18.1334340458],
[61.9777446038,17.1326533606],
[61.9775028337,16.1318373844],
[62.0496487095,15.5338794546],
[61.9836926322,15.1732114687],
[61.8225197301,14.9323823939],
[61.8011345419,15.0121215407],
[61.9425341087,15.4502281498],
[62.1928204088,16.0870389444],
[62.3620211577,16.7346539417],
[62.4445852671,17.3251905178],
[62.6139106591,17.9983849235],
[62.9641673357,18.6403074414],
[63.4164387688,18.9722668034],
[63.9996607479,19.1952255781],
[64.6536477558,19.6081639319],
[64.992121512,20.3564513843],
[65.0459277617,21.2290497445],
[65.1637864749,22.0215099369],
[65.4284426153,22.9429164358],
[65.8636939148,23.9889363826],
[66.3212139935,24.8168200937],
[66.684105689,25.5252916705],
[67.1717696795,26.3987493277],
[67.9605393132,27.3275450177],
[68.5564765041,28.286414517],
[68.3939962318,29.2833399589],
[67.6934215387,30.1814193661],
[66.6937797662,30.9548820498],
[65.1791740764,31.9761678273],
[63.2081630855,33.5798771695],
[61.2823963799,35.3468626153],
[59.6454757706,36.9587805723],
[58.044407432,38.4126604648],
[55.9938835201,39.1880417512],
[53.4181728099,39.4506960513],
[50.5999343656,40.486310878],
[48.1980505349,42.3288216675],
[46.7426257688,44.3157331108],
[45.8580463984,45.690002781],
[44.8783269497,46.2863205971],
[43.6464436977,46.9069115057],
[42.5048492954,47.3301766523],
[41.9265387149,47.1093057475],
[42.2565354092,46.7946496144],
[43.3720593609,46.5582558189],
[44.8443348408,46.2954386455],
[46.6390456545,46.1635430986],
[48.7237395062,46.2440514504],
[50.6407335876,46.3252639249],
[52.2390516187,45.9207623149],
[53.5807680797,44.9911112762],
[54.4312998567,44.4275693209],
[54.8297459367,44.7151637526],
[55.2000153642,45.2005285081],
[55.4742653801,45.9281260273],
[55.6980664102,46.8894127003],
[56.1541672326,47.2913199187],
[56.5859885788,47.7137073578],
[56.9988773536,48.7080025059],
[57.6672927717,49.4153022271],
[58.6671766291,49.5146134222],
[59.770997104,49.6011489698],
[60.6613131609,49.8422589614],
[61.7073482114,50.1258286522],
[62.8568526849,50.8754862599],
[63.1337331215,51.9350371463],
[62.2901479133,52.0112463832],
[61.0267922122,50.7427657347],
[59.9514762712,49.1340572681],
[59.0300703689,47.8961530873],
[57.9046118407,46.772891629],
[56.6123320447,45.5675181456],
[55.2211252609,44.6855680797],
[53.6197929111,44.0573120344],
[51.9534051681,43.3748715303],
[50.6178173077,42.4074894324],
[49.9232984167,41.3524786087],
[49.6419495666,40.9516545673],
[49.1992539145,41.721027447],
[48.7711433786,42.9429129844],
[48.965130334,43.9234134491],
[49.6218395499,45.0434571276],
[50.6910751561,46.2023176003],
[52.0217589037,47.2435380364],
[52.9997510375,48.1717449858],
[53.5378164088,48.6776589608],
[54.1350939386,48.5322525006],
[54.6458532574,48.0670149567],
[54.7323069797,48.0801598788],
[54.3324467933,48.7074646039],
[53.318297351,49.1543845843],
[51.9998389171,49.0257648536],
[50.5976684683,48.5073030785],
[49.0664211729,47.6095569893],
[47.4931998796,46.1269775587],
[67.9468188652,42.1637592726],
[45.8940163831,41.9551688868],
[45.9219561905,40.685505592],
[46.3889088849,39.7446644712],
[47.3448351788,38.5440327347],
[48.474000932,37.2215189314],
[49.5765807643,35.968316105],
[50.7033605965,34.9722755311],
[51.7077903841,33.9961467888],
[52.3748841236,32.8838985645],
[52.7460791333,32.3079543381],
[52.9689605855,32.2213738281],
[53.0254161515,31.8226532224],
[52.8792657431,31.0356377481],
[52.5836162531,30.0225136604],
[52.2265728845,28.9598057288],
[51.8824109596,28.357146465],
[51.3496465892,28.2962670107],
[50.8458972275,28.2976474975],
[50.7479956881,27.8633530491],
[50.8137749272,27.2345217552],
[50.8222725878,27.3489882582],
[50.6678348413,27.9709776613],
[50.3266085422,27.9646542014],
[49.9331292251,27.525087632],
[49.6288849195,26.8402721317],
[49.6153675821,25.6000740094],
[49.8547956673,23.8242405251],
[49.9495363337,21.549702191],
[49.4934886119,19.0413198934],
[48.5503382761,16.3201948045],
[47.5427438326,13.3486957962],
[46.708243702,10.3314917032],
[45.9212548651,7.6074925191],
[45.0113150705,5.4397898681],
[44.1593947905,3.6972005822],
[43.5169017606,2.183556937],
[42.9485661446,0.9130217968],
[42.5543310963,0.0516847571],
[42.4246425832,-0.2081959044],
[42.2019333859,0.0724275763],
[41.7107064093,0.5109111513],
[41.1727759644,0.8737878494],
[40.6375248911,1.5904622824],
[40.0495179029,2.8544481369],
[39.4315980386,4.1304547098],
[38.8498901601,5.0551117607],
[38.2818270532,5.543135849],
[37.4445578082,5.7055670831],
[36.2685168696,5.7694456888],
[34.7977326073,5.9113259774],
[33.0897768519,6.2855103588],
[31.2897098553,6.7882250333],
[29.4749760508,7.2943924837],
[27.5681693428,7.7638275835],
[25.5181742065,8.0916666213],
[23.3312702842,8.0390632055],
[20.9976481278,7.6357867828],
[18.5202452901,7.3540098737],
[16.0567991877,7.5745717851],
[14.2743303789,8.2846078843],
[13.3684414257,9.1126335127],
[12.951161983,9.825882505],
[12.9181029675,10.5294880525],
[13.2980482602,11.3955317521],
[13.9877446977,12.3948241017],
[14.942558002,13.0497554748],
[15.924734923,13.4163402242],
[16.7201363658,13.841301773],
[17.6701179387,14.1246320517],
[19.1145877139,13.9717047947],
[20.8511587698,13.6429401438],
[22.5793960205,13.5101202094],
[24.1721390759,13.5719153408],
[25.5306186719,13.9593617174],
[26.5830071661,14.7613180769],
[27.2340551046,15.6252697536],
[27.5949399888,16.19324863],
[27.8790495746,16.5866137354],
[27.9572861513,17.1386172811],
[27.5870786331,18.0378205981],
[26.7806183261,19.3749625025],
[25.8161613061,21.1793218308],
[24.740643416,23.0473982899],
[23.4898479047,24.3010838561],
[22.275304396,24.9662345519],
[21.1543444942,25.2864420225],
[20.0681009068,25.1678188165],
[19.1278828611,24.4722428804],
[18.6894885067,23.7813720355],
[18.8683016642,23.4513540542],
[19.2703850354,22.8757853926],
[19.7932084009,22.217673976],
[20.5175826327,21.8913273],
[21.4559357774,21.5377310834],
[22.4958604768,20.7300975234],
[23.4992295699,19.7736057541],
[24.3417785223,19.3061943417],
[24.7362262677,19.437592298],
[24.7733348537,19.7267709154],
[24.6574323836,19.6662065502],
[24.1750971315,19.4392865783],
[23.438019512,19.1002108537],
[22.7583002281,18.5639082868],
[22.1082746355,18.0276752118],
[21.3292020464,17.6112242745],
[20.3666361358,17.3669153373],
[19.483506189,17.0896308312],
[18.8705767655,16.664091949],
[18.5211474802,16.2563439411],
[18.4604912051,15.9922348088],
[18.7913673033,15.9670787372],
[19.2328645896,16.2409897642],
[19.4101628337,16.6813396688],
[19.4516122214,17.2010250711],
[19.3862559546,17.7106231948],
[19.4773054224,18.0092396925],
[19.7723030778,18.0562],
[19.8123181136,18.1346089858],
[19.7468685426,18.4330897163],
[20.1710574822,18.761148915],
[20.9311685594,19.1466278569],
[21.6515667599,19.6916836179],
[22.4061581358,20.0729925773],
[23.3073540892,20.2036247988],
[24.401107944,20.3664122513],
[25.8636043587,20.6391860395],
[27.5117754844,20.730732637],
[28.9620658913,20.3712321521],
[30.2030342813,19.77494315],
[31.4200214148,19.5513559524],
[32.770122765,19.802825433],
[34.3350504357,19.9426734901],
[36.0103001991,19.8476039351],
[37.6478753232,19.7942847203],
[39.1379232986,19.7368779786],
[40.2896752594,19.9084227726],
[41.0843432631,20.4100310101],
[41.7478420319,20.9909316064],
[42.3880845624,21.2399548899],
[42.9393877947,21.1521845765],
[43.424879988,20.9646162563],
[43.8008494419,20.7728484663],
[44.149546882,20.9958138959],
[44.7346144756,21.4237405815],
[45.1096269184,21.5124040902],
[44.6168596444,21.5219861072],
[43.6862949682,21.6877297191],
[43.0432131119,21.9907208524],
[42.983264998,22.0003609191],
[43.6054371249,21.3026954721],
[44.5621673293,20.6011787166],
[45.3246986665,20.5151386259],
[45.609319805,20.7894353594],
[45.2404933128,21.4890035209],
[44.2078853215,22.7873128926],
[42.573104809,24.4115743253],
[40.3213840483,25.9644329744],
[37.4990174483,27.775781845],
[34.6411032953,30.533528483],
[32.1441330928,34.0569508501],
[29.787708123,37.406209285],
[27.4559677798,40.0122709101],
[25.1539096045,41.843221791],
[22.4737779222,42.9128927354],
[19.3319108906,43.3684399426],
[16.4216701731,43.3575327033],
[14.0572381123,43.054103233],
[11.9085949333,42.658550442],
[10.2084003422,41.7517253636],
[9.5865042808,40.174236349],
[10.0420108992,38.593570659],
[10.9976349589,37.4983079966],
[12.1750555611,36.730511969],
[13.7000090824,35.8295286016],
[15.5443916423,34.6834557449],
[17.4277409466,33.8122548731],
[19.4108179615,33.5644702002],
[21.8895340674,33.1479758699],
[24.664748087,31.8982971664],
[27.0921976215,30.5576629501],
[29.0443796976,29.7466213375],
[30.8423941502,28.998707822],
[32.8058366046,28.0122837597],
[34.8776298167,27.2248160479],
[36.7324384133,26.8573058251],
[38.3765319638,26.5729412343],
[39.9748059747,26.3260379069],
[41.5946516694,26.1490590355],
[43.193214525,26.0675650271],
[44.5174027932,26.5912882907],
[45.5960218097,27.6924774759],
[46.8819582722,28.8616582872],
[48.2469399527,29.6082310849],
[49.0712223892,29.4325329559],
[49.1943431242,29.1331469077],
[49.1328842807,29.5936453123],
[48.9058558902,30.5643978568],
[48.1059155744,32.0454004467],
[46.6951346432,33.9978901377],
[44.5456075309,35.98400117],
[42.0064050228,37.7035571365],
[39.7790579575,39.3472093957],
[38.2218350705,41.376095783],
[37.6119694132,43.7407480369],
[38.0703309397,46.3008639373],
[39.3710942838,48.7516899748],
[41.3003745501,50.4892184557],
[43.7115790179,51.3927597609],
[46.5250712193,52.0374842723],
[49.8514139635,52.8472304737],
[53.9132158163,54.0725268965],
[58.6487286399,56.1345347875],
[62.7657335716,58.2821021032],
[65.0110929718,59.2718703133],
[65.8597228476,59.47185372],
[66.4834914477,60.0624543548],
[67.6175399215,61.1039492703],
[69.2517277991,62.1503658402],
[71.1034839371,62.9021682508],
[73.1137796198,63.1523999193],
[75.3312598518,62.9146792085],
[77.3011242641,62.354011255],
[78.5768335642,61.6505996018],
[79.7350022362,61.128182624],
[81.1339095349,61.0576733776],
[82.3665400285,61.1745682225],
[83.5505159614,61.0262580563],
[84.8243211805,60.7097560649],
[85.7383450455,60.5781088308],
[86.1281062117,60.4111547319],
[86.133625364,59.5966419274],
[85.8138082138,58.1384654612],
[85.5336919499,56.8667966499],
[85.6536457458,56.3860369821],
[85.8081804892,56.1627740548],
[85.6446670537,55.4924101042],
[85.6830746843,54.4745139157],
[85.8766870059,53.3847958509],
[85.4051314981,52.3876343337],
[84.2408801624,51.4022757662],
[83.0665688936,50.4688292656],
[82.2668065314,49.8258738552],
[81.7364297274,49.2186602399],
[81.547241158,48.7097114573],
[81.8677392033,48.2883025575],
[82.7237210095,47.4172023482],
[83.4133260554,46.1605173354],
[83.5231538413,44.9556815974],
[83.7202841059,44.2747119123],
[84.4438445469,44.4479548885],
[85.2352306282,44.9013344196],
[85.6215291189,45.0226388318],
[85.9365738745,45.2941032642],
[86.7805401165,45.9413267681],
[87.9603950852,47.0326375206],
[88.7155211701,48.0926736963],
[88.8376828573,48.5051414282],
[88.825395613,48.4272680767],
[88.9170159664,47.976851947],
[89.0939965947,47.7310823205],
[89.2130283801,48.0066444125],
[88.9068264279,47.7812534024],
[88.276471319,46.7247235897],
[87.8200757951,45.8090296346],
[87.6323219482,45.7337694515],
[87.4068751241,45.7812807625],
[87.2075026449,44.9301411203],
[87.1595873491,43.4143931006],
[87.1069456964,42.9879438922],
[86.882229299,44.326559804],
[86.5010772755,46.1170248737],
[86.1329715206,46.9626817206],
[85.8891447904,47.0786626317],
[85.5849226185,47.3576869778],
[85.2700622664,48.1058134426],
[85.0074039658,48.6782737861],
[84.2174788216,48.3035420154],
[82.9161149967,47.3444740681],
[81.8086499398,46.5343855044],
[80.9210156011,45.7753220914],
[79.7840596919,45.199604118],
[78.3962745898,45.3587668019],
[77.0558113366,45.8139508239],
[75.7643961273,46.0274949998],
[74.4482031105,46.1322168835],
[73.1489139477,46.3294409933],
[71.8396890846,46.7019361685],
[70.517683222,47.078978974],
[69.1554359075,47.2418437838],
[67.6332457009,47.196607194],
[66.012903024,46.9405943943],
[64.5721617557,46.5687641796],
[63.2942756473,46.3070257043],
[61.9018542061,45.8423865912],
[60.4438643387,45.3073959524],
[59.0016443405,44.9837002545],
[57.487474954,44.5217637883],
[56.0083896704,43.8201719338],
[54.6465290636,43.0423389941],
[53.5318207451,42.2362769715],
[52.7254061376,41.5546614906],
[52.011586061,41.2581637528],
[51.4226985841,41.1125650241],
[51.0471055578,40.5652203268],
[50.5343623655,39.704141528],
[49.7118021823,39.2276903876],
[48.8099120872,39.0125729092],
[48.190559198,38.6298003467],
[47.8996372123,38.1780377366],
[47.7080695423,37.751271547],
[47.3855490713,37.3253530309],
[47.1355274491,36.7324092629],
[46.7549343439,36.1413566831],
[45.9673561098,35.5723880558],
[45.4652160625,35.4067623959],
[45.5592005427,36.2702091637],
[45.6460589552,37.2018874338],
[45.5386684457,37.5582720188],
[45.5600940087,37.8623639238],
[45.5927534645,37.9865656253],
[45.4366172513,38.3236161517],
[45.0699020603,39.4584114069],
[44.544378971,40.728079361],
[44.0450460119,40.8735161575],
[43.7296582754,40.418663744],
[43.5544444695,40.9500707973],
[43.3178600815,42.2416813851],
[42.908923579,43.1543272012],
[42.5783212832,43.4238667198],
[42.5293858489,43.2662630862],
[42.3049899597,43.0383032246],
[41.8851313268,43.1387162726],
[41.6881668798,43.7049490336],
[41.5310840028,44.3351578196],
[41.2548975456,44.4744654045],
[41.1131969153,44.5313609211],
[41.2045740154,44.8226570131],
[41.3812074302,45.1054582075],
[41.5272092544,45.3552735854],
[41.3885498158,45.597600814],
[40.9244692144,45.7871285633],
[40.4379065067,46.3136766254],
[40.0133486587,47.3713845623],
[39.8244237339,48.6786728961],
[39.9963994258,50.0575869906],
[40.4326675246,51.2558531769],
[41.2442667858,51.8489415401],
[42.5515170114,51.8506250934],
[43.9988185237,51.3258637195],
[45.1726294814,50.2541165541],
[46.386527153,48.7182107834],
[48.0466901251,46.6672165601],
[49.8053098451,44.766701585],
[51.372250018,44.0677429363],
[52.9935939397,44.5517662706],
[54.8480636331,45.4423754016],
[56.6878169189,46.1414798941],
[58.2083591468,46.7401295151],
[59.7373970488,47.8761294657],
[61.5185888241,49.5005529637],
[63.2595713855,50.4267675142],
[64.8701392713,50.4887352057],
[66.5621250961,50.4709338162],
[68.3308284145,50.2912391075],
[69.8795483269,50.1901664108],
[71.1256328688,50.3800069329],
[72.3195250631,50.2757912279],
[73.4518789331,49.6306008235],
[74.326621329,48.8217012586],
[74.9485174837,47.8947467577],
[75.2895710136,46.8551373416],
[75.1554994434,46.3066205681],
[74.2624073627,46.9383157532],
[72.6662327282,48.7225780814],
[70.8261642082,51.1549557448],
[69.2862876354,53.5635238029],
[68.4785684103,55.7589653054],
[68.3839713034,57.5217089125],
[68.6430308877,58.65336858],
[68.9915818864,59.4947785676],
[69.2780702255,60.2301840562],
[69.4259618194,60.7443138842],
[69.69521448,61.0908935995],
[70.3094374858,61.3678458286],
[71.0677482285,61.5973293771],
[71.6707085779,61.8171473583],
[71.9818861025,61.9546018268],
[72.4146516046,61.6996279774],
[73.2840196981,60.9768432996],
[74.1277363617,60.1541470877],
[75.0704392525,59.2725399042],
[76.3893084372,58.0912075283],
[77.8091865918,57.0268551087],
[79.6311980607,56.7003488035],
[82.0598316048,57.0267096261],
[84.4794317531,57.7158307648],
[86.6444307776,58.3376001414],
[88.6572583545,58.4921721187],
[90.4096744639,58.4528754752],
[91.6886536659,58.404943172],
[92.33131205,58.2232098575],
[92.54885497,57.8564050694],
[92.6734592683,57.3207736342],
[92.7317983781,56.8461936955],
[92.4984219996,56.6249275034],
[91.8591152852,56.3880014599],
[90.6066047013,55.8031774771],
[88.7673649561,55.0271301225],
[87.09907082,54.7029023267],
[85.9481986633,54.6920781424],
[84.8238430861,54.1632714982],
[83.1889722213,53.0724420034],
[81.0849300595,52.0703737708],
[79.1912853222,51.4781468716],
[77.5446651575,51.243186397],
[83.6755428198,38.765786361],
[73.6648267398,51.2764514932],
[72.0156946658,51.1944220686],
[70.75703357,50.9858642725],
[69.5235467541,51.0293212177],
[68.0870562997,51.2839745391],
[66.847153308,51.1690206725],
[65.8232082758,50.5889584838],
[64.4542390856,49.8577054808],
[62.6256825439,49.2791037694],
[60.8773252712,49.1718939447],
[59.3924763595,49.7448683089],
[57.8030235866,50.6335574888],
[56.2866018743,51.3112424609],
[55.0505110346,51.1796246092],
[53.8027220417,50.5164909058],
[52.5053337248,50.1315284463],
[51.252853388,49.7306682379],
[50.2854720927,48.9380255841],
[49.6084998686,48.1432066477],
[48.9457353918,47.5069391054],
[48.2316359821,46.9844871136],
[47.5426315152,46.5733114739],
[46.9286044306,46.4840812456],
[46.3104886051,46.7406150516],
[45.6954333008,46.9133579024],
[45.0644536618,47.0600721011],
[44.4312517194,46.9942179183],
[43.9783486113,46.7844560889],
[43.6630573923,46.715726227],
[43.3448392859,46.8876037382],
[43.0344084511,47.0643860677],
[42.7657222753,47.1207850909],
[42.5558884861,47.3631407977],
[42.3796388693,47.4262230561],
[42.1164162529,47.125836862],
[41.7103663275,46.9231672625],
[41.3264388085,46.9349412127],
[40.9152626589,46.9758402514],
[40.4569331732,47.141211189],
[39.9922891947,47.7284738942],
[39.5531291093,48.3285511988],
[39.3243285895,48.119312179],
[39.5025687541,47.1806849703],
[39.9353088343,46.1354209953],
[40.3521794577,45.222720007],
[40.659312017,44.6429483406],
[40.9198635537,44.7996744094],
[41.2157272656,45.5130925357],
[41.7118427568,46.6094882563],
[42.5232389115,48.2694872198],
[43.6137089538,50.3562504129],
[44.9328756732,52.4420730047],
[46.6371553845,54.1577965639],
[48.9122317938,55.619538859],
[51.5910874411,56.731542204],
[54.1636776085,56.8068465647],
[56.0635834447,55.128773068],
[56.9858167136,52.4814279306],
[57.2777365379,51.4488425569],
[58.0372698812,52.1588861745],
[59.0665043672,52.2228293565],
[59.3686757713,51.3186544587],
[59.7655412485,50.9101115446],
[60.6246309731,51.009372588],
[61.2456593554,50.4678298568],
[61.5236222605,49.2076350069],
[61.5746884493,47.7274863241],
[61.5322777065,45.8202974409],
[61.6365577022,43.7213111095],
[61.8125338231,41.9675261178],
[61.8867343058,40.2764057485],
[61.7426821319,38.6036782488],
[61.3869402339,36.9540011697],
[61.16270238,35.1481712676],
[61.206116704,33.6624506463],
[61.3934974096,32.6319095393],
[61.5766855632,31.8129803869],
[61.6525402288,30.9031662187],
[61.6229041147,29.70198678],
[61.2162664688,28.6548141286],
[60.3589772196,28.1263958663],
[59.4344939359,27.7862895816],
[58.5858464504,27.6145511209],
[57.7033417391,27.6965528845],
[56.5319009904,28.1066849497],
[54.831286616,29.0550003248],
[53.1051715342,30.4812289759],
[52.3014959523,31.9695596354],
[52.5784762918,33.7059420418],
[53.3783668005,35.5711445623],
[54.2041300059,36.7829268716],
[54.7605072227,37.6271651564],
[55.1594095201,38.5270782388],
[55.3630101798,38.828832789],
[54.7890680229,38.9089063219],
[53.2198528892,39.6836583582],
[50.8697506205,40.2315788236],
[47.9921832777,40.0630781414],
[45.0604736737,40.5159948517],
[42.4447415955,41.6211675912],
[40.1823288568,42.6470101416],
[38.4855245811,43.8923194285],
[37.8366337988,45.7935511913],
[38.4107733568,47.6751828157],
[39.7817505516,48.9483377777],
[41.473092479,49.8759720236],
[43.2446456169,50.9604090517],
[45.0181825298,52.037716886],
[46.8808301468,52.5019965249],
[48.5912955747,52.3739541102],
[49.4161292531,51.8241489692],
[49.4559967882,51.2432876046],
[49.5333273681,50.8213155114],
[49.670131962,49.975825322],
[49.547017253,48.4432059208],
[49.3856108223,47.0012456734],
[49.3408637086,46.181776537],
[49.2794535042,45.2487689041],
[49.0751271743,43.5750719524],
[48.7957134721,41.7229104813],
[48.5514806645,40.0640656975],
[48.7311584011,38.8082853586],
[49.6171259506,38.0372822218],
[50.6319845779,37.5377746885],
[51.132476682,36.8645732572],
[51.0671729809,35.7659189427],
[50.4462937446,35.0874423736],
[49.7104100177,35.0678404817],
[49.7176817337,34.9181421502],
[50.1836450644,34.131107695],
[50.5528234008,32.63526567],
[51.1369499826,30.7936172059],
[52.0469503181,29.7004586357],
[53.0173799027,29.7465820529],
[54.157755443,30.160983705],
[55.8825924425,30.0282471307],
[58.0889640824,29.1163911748],
[60.1724572213,28.0652956964],
[61.8412252315,27.3431113073],
[63.293840171,26.916179025],
[64.7851713247,26.6881827622],
[66.3138598053,26.6571159518],
[67.7366460162,26.7720695384],
[69.0323177549,26.7036587828],
[70.2672933074,26.3983463359],
[71.2956531199,25.6499768116],
[71.8581424079,24.2903363974],
[71.7573331054,22.996375254],
[70.8692583369,22.0802074192],
[69.3730288857,21.5607380123],
[67.6098210535,21.5904345466],
[65.8914302605,21.7208538155],
[64.1992451602,21.4236959756],
[62.3036552073,20.6365734901],
[60.1795493105,19.4645799817],
[57.8666033587,17.7169349649],
[55.270398892,15.3166384665],
[52.8113483795,12.4529356103],
[51.1244433899,9.3957118634],
[50.0985392781,6.7431083085],
[49.3110853807,4.9985262972],
[48.7276813666,4.1813671426],
[48.7226224221,3.9938974384],
[49.3396866298,4.1657176045],
[50.1823464164,4.5270788714],
[50.9634197972,5.0062742463],
[51.3321151509,5.7272698136],
[51.0332778043,6.7677713981],
[50.4827645908,7.9147910484],
[49.7516758534,9.1008623744],
[48.788522894,10.5454593902],
[47.7775519804,12.2440231751],
[46.4077066045,13.9997948155],
[44.7898499408,15.8948778074],
[43.3767759284,17.6163089467],
[42.2568817334,18.98110325],
[41.1684208429,20.4680472062],
[39.8472159196,21.9256184909],
[38.2032608229,23.0078846242],
[36.1195072313,23.9721793805],
[33.8590521949,25.3843076363],
[31.926271711,27.2113973011],
[30.6398457788,29.09286815],
[29.8810327008,31.1491440701],
[29.1626323643,33.4906869748],
[28.3573524179,35.6964109187],
[27.5714886947,37.6202343357],
[27.0133427072,39.3545982721],
[26.7509991337,40.8664450417],
[26.4687307614,42.1680607221],
[26.4832370097,43.0803603652],
[26.9094482644,43.8578492441],
[27.3641055293,44.5125712481],
[27.6868047137,44.8487666783],
[27.8224922369,44.833076843],
[28.0485036565,44.5163536615],
[28.4795933125,43.8033374334],
[28.9240411197,42.4576336253],
[29.1211177732,40.8405384458],
[29.2362287154,39.3830345677],
[29.3520776176,38.183581966],
[29.1502468083,38.1289261995],
[28.8504662353,39.3376601632],
[28.905245115,39.6695532354],
[29.3076062983,37.9534835483],
[30.0707930068,35.3229828212],
[31.1145143611,32.1582392672],
[32.363692236,29.0342599333],
[33.6996948108,27.1778029181],
[34.8656791243,26.8884895037],
[35.8353533724,27.8296286114],
[36.783476867,29.1173611345],
[37.7842639004,30.348941853],
[38.7540971257,31.7324911246],
[39.7317338377,32.9705312921],
[40.7083410311,34.1852510314],
[41.4452527009,36.0254686476],
[41.6878071616,38.2019898076],
[41.4795014984,39.8915273327],
[41.0468923456,40.8624511906],
[40.5686004127,41.039635783],
[39.854182856,40.9712361907],
[39.1128205362,41.3893226197],
[38.9581848551,41.6022108097],
[39.5370028307,40.5223174375],
[40.6185110036,38.9498127127],
[41.965133983,38.1695024289],
[43.3409272875,38.2913510487],
[44.8168177784,38.4407100879],
[46.4953286715,37.3119017417],
[47.9421583301,35.2561718739],
[48.9023351965,34.0044458944],
[49.2721755478,33.2905894477],
[49.2310505273,32.1115909677],
[49.3782020433,30.4115190335],
[49.5622712114,28.64348556],
[49.3001290273,27.3252768793],
[48.7694149578,26.7197337062],
[48.1092794558,26.8220687428],
[47.5281184178,27.3028668006],
[47.3965524907,27.8757706436],
[47.6761388568,28.2493372336],
[48.2078154205,28.3506485925],
[48.769047745,28.6109888868],
[49.2448341765,28.946102994],
[49.4516027148,28.847694513],
[49.0451523805,28.7596030935],
[48.1028461502,29.4003925916],
[47.3342003564,31.0206821838],
[47.1809622203,33.5557621184],
[47.5513948678,36.4628049413],
[48.2151493466,38.9698207926],
[48.9047050933,40.9671454114],
[49.7586253281,42.9569148624],
[50.8809879534,45.4138225544],
[52.1300371926,47.9325993062],
[53.1415533307,49.4363466431],
[53.2993565382,49.6671026111],
[52.6949893336,49.2025143818],
[52.2393815358,48.4420625237],
[52.2826656205,47.7810182484],
[52.5422691082,46.8276328519],
[52.957438048,45.278470408],
[53.3869375451,43.6317345938],
[53.8542431236,42.057721754],
[54.4340371294,40.475175074],
[55.1038786686,39.1633587916],
[56.0974310686,37.9449210118],
[57.228343118,36.1801573752],
[58.1395095935,34.2063652406],
[58.9272956565,32.3273139989],
[59.640665778,30.4429340029],
[60.215416279,28.6518363454],
[60.4287957756,26.8040296007],
[60.015207391,24.9502741604],
[58.7938358058,23.5282424825],
[56.7936293043,22.6695091769],
[54.6911616761,22.4614947625],
[53.1024282247,22.9032176188],
[52.0376413932,23.6773155998],
[51.4259536141,24.4392061925],
[51.2556209864,24.8024900622],
[51.2193768819,24.2639176714],
[50.9389055803,22.700848112],
[49.9297919728,20.612773009],
[48.4997605346,18.6124779228],
[47.3646575535,16.9470211274],
[46.1461516988,15.5374062677],
[43.989417691,14.2689133024],
[41.330094851,13.5585576223],
[38.7948230707,13.6334828298],
[36.2399212882,14.1140022652],
[33.6152695302,14.8228246459],
[31.0841965133,15.9600153507],
[28.6974472626,17.5297130882],
[26.3962613956,19.4179309155],
[24.3662882523,21.5951241539],
[22.9327941429,23.7669111863],
[22.2342385274,25.6387365198],
[22.2856520358,27.3012656809],
[22.7786627922,29.0231522011],
[23.4328327236,30.7541969188],
[24.461903455,32.0799397564],
[25.8557313937,32.5841869466],
[27.1547963256,32.5590713111],
[28.5266542503,32.6710245337],
[30.2608735401,32.9744838697],
[32.0688681017,33.2213177779],
[33.6309271887,33.5370507296],
[35.0386432198,34.0266816383],
[36.4446155592,34.9060645322],
[37.8867691647,36.004890016],
[39.4319749292,36.9577156698],
[41.1327848223,37.7809079385],
[43.0172532374,38.4392172218],
[44.8404008979,38.972545986],
[46.3067092754,39.6259678444],
[47.5835801091,40.2168892029],
[49.4574317958,40.1391219407],
[51.8669757881,39.6884603083],
[53.6593557749,39.3049807299],
[55.0012725055,39.3201661744],
[56.8359547683,39.8660883279],
[58.694728799,40.107207913],
[59.9824448658,39.5815607641],
[60.8315077201,39.0660286612],
[61.7258038872,39.0499476501],
[62.8827827847,38.9519351207],
[63.9579324654,38.2752172467],
[64.8188460729,37.5119509778],
[65.5602542963,37.3501587327],
[66.2554170605,37.6471284863],
[66.8748986695,38.0772152361],
[67.2623074105,38.6261202057],
[67.6513322985,39.0326738976],
[68.1396456898,39.5462761484],
[68.4980423795,40.3133298881],
[68.8580553608,40.5369008494],
[69.3323480964,39.878416844],
[69.5079710249,38.8130116238],
[69.0789502448,38.3825886787],
[68.2478910731,38.9319088132],
[67.3956860617,39.5165585499],
[66.6569294801,39.6579967278],
[65.9632863424,39.3851576568],
[65.2855731684,38.8687809393],
[64.5652734188,38.5098336428],
[63.8252536637,38.4425189498],
[63.1420648149,38.6389250562],
[62.4267346233,39.0554300511],
[61.6624287616,39.4903859812],
[61.0434484836,39.5665779096],
[60.5372099209,39.5614901619],
[59.9878931341,39.8852422162],
[59.3674763546,40.1707524884],
[58.6238019778,40.206297769],
[57.919214666,40.1872966132],
[57.4509103031,40.1346557664],
[56.9638081092,39.756385417],
[56.2272804781,39.3735318169],
[55.3333655416,39.43054076],
[54.5097038409,39.8924813418],
[54.1687565977,40.6053070688],
[54.3299134058,40.9598232811],
[54.2909758429,40.8750379214],
[53.7306738716,40.7190573256],
[52.9572422178,40.6882364686],
[52.6140630994,41.1056896086],
[52.9455215134,41.6244230034],
[53.3118597354,41.8265458432],
[53.3490155848,41.8885633114],
[53.637854097,41.5942464786],
[54.2599284674,40.6237264377],
[54.6518964179,39.2828856328],
[54.7773196863,38.3319349102],
[55.1068134844,38.1334608192],
[55.5716092616,38.3939911058],
[55.8136746772,38.9457251342],
[55.9729688398,39.4538912899],
[56.2395477778,39.1584477403],
[56.3279719632,38.0015371174],
[55.7455265559,37.4034839932],
[54.7312486917,38.2410175986],
[54.1731563228,39.2721325191],
[54.1103829094,39.0063500997],
[53.7419765143,37.885310182],
[52.7689535075,37.3612632329],
[51.7773961339,37.7608601869],
[51.1131276086,38.6068082735],
[50.6725772613,39.4613519516],
[50.07624205,40.1809211916],
[49.0774089265,40.4793978559],
[48.1409331112,40.3709086765],
[47.8225425662,40.208815764],
[47.8920181846,39.8895915545],
[47.7598680523,39.4179366018],
[47.4417559561,39.3861091572],
[47.2786,39.4699],
[47.2786,39.4699],
[47.2786,39.4699],
[47.2786,39.4699],
[47.2786,39.4699],
[47.2786,39.4699],
[47.2786,39.4699],
[47.2786,39.4699],
[47.2786,39.4699],
[47.2786,39.4699],
[47.2786,39.4699],
[47.2786,39.4699],
[47.2786,39.4699],
[47.0188969366,39.5115534304],
[46.3485311368,40.065327351],
[46.50214854,39.9437825786],
[46.6104215259,40.0650421283],
[46.2731737951,41.0033594542],
[46.0850860579,41.7917876993],
[46.352851896,42.1817630669],
[46.4809590328,42.5688495204],
[46.3025683089,42.8216156754],
[45.9656871622,42.6648215457],
[45.4787410977,42.4318112563],
[45.0722386348,43.0102317019],
[44.6988336348,44.026956702],
[44.1274700956,44.2579904499],
[43.6055491737,43.7661038035],
[43.2510779898,43.3991204499],
[42.7054501311,43.3414396448],
[42.0652698665,43.7259717198],
[41.6702215766,44.8553135394],
[41.5620697164,46.5705742831],
[41.7247536555,48.4719064898],
[42.147544504,50.6511937166],
[42.660588645,53.1066811418],
[43.1965066966,55.1719435928],
[43.8945990978,56.2333027397],
[44.9131507819,56.3439085476],
[45.9871929315,56.0849018845],
[46.6823536579,55.757146042],
[47.0430599152,55.3813851423],
[47.0610911112,55.0090634645],
[46.7514655497,54.5210928923],
[46.7798939574,53.7948765959],
[46.9654226553,53.2011216202],
[46.6470601558,53.0255727373],
[45.989960207,53.150214266],
[45.3604972861,53.6630625648],
[44.7055007595,54.4434502448],
[44.0199366313,55.249524602],
[43.4234980813,55.8812109353],
[42.9296654139,56.3699107428],
[42.625241229,56.8189060704],
[42.472384985,57.082833252],
[42.4472994107,57.2074788734],
[42.5721656999,57.3896271974],
[42.8460114941,57.8010144044],
[43.0815208312,59.0383656603],
[42.8081838573,61.430307438],
[42.0410712124,64.2946084348],
[41.3897301206,66.5215468955],
[41.169007639,67.6899940712],
[41.1724965603,68.1048773739],
[41.1967414302,68.1974355419],
[41.194028598,68.2136015578],
[41.1877,68.2254615902],
[41.1981527168,68.2313494566],
[41.2390946982,68.2084362769],
[41.2778202897,68.1650278994],
[41.2355056503,68.166961677],
[41.1539278365,68.2076714301],
[41.1345903828,68.2374003328],
[41.1807897867,68.2471500169],
[41.253008129,68.2190413334],
[41.3654547694,68.1172954288],
[41.4656982819,67.9998333789],
[41.4168177651,68.0116954766],
[41.3550485974,68.0314850495],
[41.4182128557,67.9428078141],
[41.40231422,67.9754909968],
[41.3684,68.0199],
[41.3684,68.0199],
[41.3684,68.0199],
[41.3684,68.0199],
[41.3684,68.0199],
[46.2635854626,62.6925407253],
[45.663805818,56.5536346181],
[44.6035176424,51.0024748712],
[44.0600879923,47.9659864246],
[44.4710221356,46.7280234637],
[44.9639395403,46.5683798873],
[45.3384239442,46.1873544717],
[45.5821699498,45.3752484743],
[45.5677217076,44.8707198986],
[43.1159288435,53.2161105182],
[43.3272,53.103],
[43.6539,53.8607],
[43.6539,53.8607],
[43.6539,53.8607],
[43.6539,53.8607],
[43.6539,53.8607],
[43.6539,53.8607],
[43.6539,53.8607],
[43.6539,53.8607],
[43.6539,53.8607],
[43.6539,53.8607],
[43.6539,53.8607],
[48.167,51.8664],
[48.167,51.8664],
[48.167,51.8664],
[48.167,51.8664],
[48.167,51.8664],
[48.167,51.8664],
[48.167,51.8664],
[48.167,51.8664],
[48.167,51.8664],
[48.167,51.8664],
[48.167,51.8664],
[48.167,51.8664],
[48.167,51.8664],
[48.167,51.8664],
[48.167,51.8664],
[48.167,51.8664],
[48.167,51.8664],
[48.167,51.8664],
[48.167,51.8664],
[48.167,51.8664],
[48.167,51.8664],
[48.167,51.8664],
[48.167,51.8664],
[48.167,51.8664],
[48.167,51.8664],
[48.167,51.8664],
[48.167,51.8664],
[48.167,51.8664],
[48.167,51.8664],
[48.167,51.8664],
[75.8881815422,38.1270399921],
[46.0133,67.3319],
[46.0133,67.3319],
[46.0133,67.3319],
[46.0133,67.3319],
[46.0133,67.3319],
[46.0133,67.3319],
[46.0133,67.3319],
[46.0133,67.3319],
[46.0133,67.3319],
[46.0133,67.3319],
[43.8271,66.3725],
[43.8271,66.3725],
[44.6029,65.029],
[44.6029,65.029],
[44.6029,65.029],
[44.6029,65.029],
[44.6029,65.029],
[44.3507,61.5904],
[44.3507,61.5904],
[44.3507,61.5904],
[44.3507,61.5904],
[44.3507,61.5904],
[44.3507,61.5904],
[44.3507,61.5904],
[44.3507,61.5904],
[44.3507,61.5904],
[44.3507,61.5904],
[44.3507,61.5904],
[44.3507,61.5904],
[44.3507,61.5904],
[44.3507,61.5904],
[67.3624572302,38.8885151305],
[40.2444,69.5012],
[41.5357,51.959],
[41.5357,51.959],
[41.5357,51.959],
[41.5357,51.959],
[41.5357,51.959],
[41.5357,51.959],
[45.8413,67.267],
[45.8413,67.267],
[67.7999243324,44.6502228116],
[44.5726,62.9963],
[44.5726,62.9963],
[44.5726,62.9963],
[44.5726,62.9963],
[44.489,64.5787],
[44.489,64.5787],
[44.489,64.5787],
[74.5229929179,47.4956563166],
[44.7051,66.1795],
[44.7051,66.1795],
[44.7051,66.1795],
[44.7051,66.1795],
[44.7051,66.1795],
[44.7051,66.1795],
[44.7051,66.1795],
[44.7051,66.1795],
[44.7051,66.1795],
[44.7051,66.1795],
[44.7051,66.1795],
[44.7051,66.1795],
[44.7051,66.1795],
[44.7051,66.1795],
[44.7051,66.1795],
[44.7051,66.1795],
[44.7051,66.1795],
[44.7051,66.1795],
[44.7051,66.1795],
[44.7051,66.1795],
[44.7051,66.1795],
[44.7051,66.1795],
[44.7051,66.1795],
[44.7051,66.1795],
[44.7051,66.1795],
[44.7051,66.1795],
[68.7312950891,46.1192745981],
[45.5352,66.7959],
[45.5352,66.7959],
[45.5352,66.7959],
[45.5352,66.7959],
[45.5352,66.7959],
[45.5352,66.7959],
[45.5352,66.7959],
[45.5352,66.7959],
[42.4474,64.129],
[42.4474,64.129],
[42.4474,64.129],
[42.4474,64.129],
[42.4474,64.129],
[42.4474,64.129],
[42.4474,64.129],
[42.4474,64.129],
[42.4474,64.129],
[42.4474,64.129],
[98.952028655,35.8928139895],
[42.4474,64.129],
[42.4474,64.129],
[42.4474,64.129],
[42.4474,64.129],
[42.4474,64.129],
[42.4474,64.129],
[42.4474,64.129],
[42.4474,64.129],
[43.7206,62.3594],
[43.7206,62.3594],
[43.7206,62.3594],
[43.7206,62.3594],
[43.7206,62.3594],
[43.7206,62.3594],
[43.7206,62.3594],
[43.7206,62.3594],
[43.7206,62.3594],
[85.944600861,38.6845833485],
[45.2999,67.0817],
[45.2999,67.0817],
[45.2999,67.0817],
[45.2999,67.0817],
[45.2999,67.0817],
[45.2999,67.0817],
[45.2999,67.0817],
[45.2999,67.0817],
[45.2999,67.0817],
[45.2999,67.0817],
[45.2999,67.0817],
[45.2999,67.0817],
[43.8621,65.5841],
[43.8621,65.5841],
[43.8621,65.5841],
[43.8621,65.5841],
[43.8621,65.5841],
[43.8621,65.5841],
[43.8621,65.5841],
[43.8621,65.5841],
[43.8621,65.5841],
[43.8621,65.5841],
[43.8621,65.5841],
[43.8621,65.5841],
[43.8621,65.5841],
[44.2422,64.8775],
[44.2422,64.8775],
[44.2422,64.8775],
[44.2422,64.8775],
[44.2422,64.8775],
[44.2422,64.8775],
[44.2422,64.8775],
[44.2422,64.8775],
[44.2422,64.8775],
[44.2422,64.8775],
[44.2422,64.8775],
[44.2422,64.8775],
[44.2422,64.8775],
[78.4558269354,33.5571648467],
[46.2248,65.6634],
[69.3420554913,60.8401946277],
[42.2464,64.2383],
[73.8624287063,24.2590002951],
[45.8481,67.991],
[70.3452882933,53.3733076635],
[44.4813,64.0643],
[44.4813,64.0643],
[44.4813,64.0643],
[44.4813,64.0643],
[44.4813,64.0643],
[44.4813,64.0643],
[44.4813,64.0643],
[44.4813,64.0643],
[44.4813,64.0643],
[44.4813,64.0643],
[44.4813,64.0643],
[44.4813,64.0643],
[44.4813,64.0643],
[44.4813,64.0643],
[44.4813,64.0643],
[44.4813,64.0643],
[44.4813,64.0643],
[44.4813,64.0643],
[44.4813,64.0643],
[44.4813,64.0643],
[44.4813,64.0643],
[44.4813,64.0643],
[44.4813,64.0643],
[44.4813,64.0643],
[44.0812,64.8097],
[61.2497434614,50.0518869776],
[44.8006,65.2832],
[44.8006,65.2832],
[46.5639,67.3231],
[46.5639,67.3231],
[46.5639,67.3231],
[46.5639,67.3231],
[46.5639,67.3231],
[46.5639,67.3231],
[46.5639,67.3231],
[46.5639,67.3231],
[46.5639,67.3231],
[83.1887795654,39.6277562873],
[44.1738,63.7602],
[44.1738,63.7602],
[44.1738,63.7602],
[44.1738,63.7602],
[44.1738,63.7602],
[44.1738,63.7602],
[44.1738,63.7602],
