[1978,632],
[2066,596],
[2128,576],
[2160,562],
[2194,566],
[2342,576],
[2434,578],
[2458,568],
[2470,572],
[2486,568],
[2510,568],
[2536,554],
[2564,550],
[2538,554],
[2512,556],
[2486,556],
[2438,562],
[2316,538],
[2278,552],
[2196,562],
[2120,580],
[2074,588],
[2074,596],
[2072,600],
[2084,600],
[2438,602],
[2812,718],
[3190,864],
[3226,890],
[3266,944],
[3298,982],
[3322,1010],
[3230,1034],
[3134,1066],
[2910,1120],
[2768,1138],
[2592,1206],
[2290,1194],
[2088,1220],
[1876,1256],
[1814,1186],
[1764,1134],
[1806,1108],
[1836,1076],
[2014,1064],
[2400,1086],
[2670,1106],
[2890,1150],
[2946,1140],
[2948,1126],
[2894,1076],
[2790,970],
[2756,998],
[2726,1052],
[2686,1108],
[2942,1206],
[3130,1310],
[3344,1420],
[3448,1480],
[3440,1514],
[3960,1380],
[4106,1380],
[4226,1324],
[4260,1320],
[4314,1312],
[4308,1300],
[3978,1506],
[3982,1524],
[3968,1526],
[3884,1446],
[3778,1332],
[3604,1368],
[3508,1472],
[3586,1458],
[3604,1468],
[3616,1432],
[3648,1430],
[3618,1440],
[3556,1450],
[3534,1532],
[3472,1524],
[3478,1468],
[3466,1478],
[3418,1500],
[3328,1510],
[3258,1514],
[3124,1600],
[3038,1588],
[2356,1182],
[1810,980],
[1566,962],
[1430,1068],
[1344,964],
[1410,942],
[1414,928],
[1416,882],
[1412,848],
[1406,834],
[1156,848],
[1022,860],
[942,866],
[898,870],
[868,872],
[864,868],
[862,860],
[874,852],
[878,852],
[878,854],
[876,852],
[864,852],
[876,844],
[1000,812],
[1142,770],
[1174,752],
[1218,740],
[1230,738],
[1248,734],
[1278,734],
[1348,706],
[1608,652],
[1904,666],
[1922,502],
[1808,218],
[1750,60],
[1666,0],
[1528,36],
[1698,224],
[1698,448],
[1694,800],
[1636,712],
[1622,670],
[1662,732],
[1636,846],
[1520,864],
[1394,824],
[1312,916],
[1284,1048],
[1264,1056],
[1276,1042],
[1294,1014],
[1374,960],
[1506,986],
[1590,992],
[1570,1040],
[1554,1046],
[1546,1022],
[1518,1000],
[1568,986],
[1694,932],
[1908,836],
[1950,814],
[2068,782],
[2218,724],
[2286,692],
[2360,664],
[2306,652],
[2276,640],
[2260,626],
[2240,608],
[2020,564],
[1870,540],
[1738,548],
[1650,586],
[1640,594],
[1650,598],
[1644,604],
[1646,602],
[1522,642],
[1416,660],
[1406,660],
[1426,658],
[1452,642],
[1552,656],
[1628,646],
[1636,654],
[1584,660],
[1552,662],
[1518,674],
[1502,692],
[1516,702],
[1540,706],
[1464,716],
[1422,728],
[1356,744],
[1168,802],
[1040,862],
[994,888],
[982,904],
[1000,896],
[1078,866],
[1232,788],
[1360,732],
[1426,710],
[1462,698],
[1504,682],
[1726,626],
[1830,590],
[1924,582],
[1916,584],
[1932,584],
[1970,586],
[1992,590],
[2076,604],
[2124,598],
[2052,602],
[2014,618],
[1984,624],
[2000,630],
[1962,642],
[1880,684],
[1802,720],
[1754,742],
[1766,746],
[1642,852],
[1446,1026],
[1258,1174],
[1190,1240],
[1190,1242],
[1310,1196],
[1784,1054],
[1828,1004],
[1738,982],
[1742,962],
[1822,906],
[1916,902],
[2018,880],
[2126,884],
[2230,908],
[2308,1048],
[2388,1190],
[2468,1312],
[2500,1376],
[2524,1378],
[2532,1380],
[2534,1380],
[2606,1382],
[3094,1458],
[3428,1510],
[3632,1506],
[3688,1500],
[3750,1488],
[3782,1410],
[3870,1318],
[3900,1292],
[3986,1276],
[4096,1262],
[4104,1250],
[4050,1250],
[4000,1248],
[4002,1232],
[4002,1244],
[4054,1294],
[4000,1316],
[3748,1308],
[3656,1232],
[3606,1176],
[3612,1138],
[3628,1106],
[3642,1084],
[3632,1084],
[3638,1082],
[3866,1194],
[4006,1228],
[3880,1196],
[3808,1188],
[3642,1122],
[3526,1042],
[3458,1002],
[3300,956],
[3210,912],
[3112,886],
[3032,854],
[3034,832],
[2990,756],
[2954,694],
[2920,666],
[2912,652],
[2850,640],
[2796,632],
[2678,600],
[2558,606],
[2512,580],
[2466,568],
[2412,556],
[2394,546],
[2378,534],
[2434,514],
[2426,504],
[2396,528],
[2304,516],
[2376,528],
[2362,526],
[2348,528],
[2334,522],
[2360,526],
[2418,516],
[2438,516],
[2426,532],
[2426,532],
[2406,524],
[2394,528],
[2394,514],
[2386,518],
[2368,520],
[2354,512],
[2346,512],
[2338,506],
[2210,482],
[2150,508],
[2098,552],
[2084,576],
[2112,568],
[2094,566],
[2082,566],
[2002,562],
[1964,564],
[1918,562],
[1886,562],
[1856,554],
[1846,554],
[1844,550],
[1846,556],
[1850,552],
[1900,546],
[1856,546],
[1856,546],
[1862,532],
[1864,534],
[1870,534],
[1880,534],
[1876,534],
[1874,534],
[1872,534],
[1870,530],
[1874,528],
[1868,530],
[1876,534],
[1870,538],
[1870,534],
[1928,514],
[2094,486],
[2204,454],
[2364,502],
[2390,546],
[2396,548],
[2394,546],
[2358,550],
[2382,554],
[2536,542],
[2586,536],
[2596,544],
[2620,540],
[2532,514],
[2498,534],
[2518,530],
[2522,510],
[2542,506],
[2534,508],
[2554,504],
[2512,532],
[2482,540],
[2492,526],
[2494,524],
[2494,506],
[2534,524],
[2550,548],
[2522,550],
[2588,552],
[2640,560],
[2708,560],
[2726,578],
[2762,586],
[2812,588],
[2860,612],
[2890,622],
[2874,626],
[2778,636],
[2710,644],
[2718,650],
[2750,688],
[2788,724],
[2800,736],
[2848,768],
[3058,884],
[3276,976],
[3400,1048],
[3476,1072],
[3488,1046],
[3510,1028],
[3528,1018],
[3556,1008],
[3640,1006],
[3756,1024],
[3832,1028],
[3912,1040],
[3948,1044],
[3932,1058],
[3884,1046],
[3822,1020],
[3760,1002],
[3642,952],
[3528,912],
[3408,882],
[3438,882],
[3496,914],
[3540,930],
[3620,954],
[3702,968],
[3778,992],
[3870,1014],
[3924,1024],
[3996,1042],
[4040,1054],
[4134,1096],
[4302,1210],
[4422,1286],
[4442,1308],
[4444,1248],
[4406,1306],
[4412,1308],
[4428,1296],
[4366,1304],
[4356,1288],
[4352,1264],
[4336,1228],
[4346,1198],
[4338,1200],
[4288,1152],
[4128,1130],
[4140,1208],
[4186,1252],
[4072,1266],
[3902,1304],
[3804,1318],
[3788,1294],
[3760,1282],
[3600,1266],
[3474,1226],
[3298,1180],
[2608,926],
[2324,840],
[2156,780],
[2102,770],
[2108,772],
[2270,712],
[2452,678],
[2558,662],
[2566,650],
[2532,650],
[2526,676],
[2522,680],
[2448,730],
[2400,760],
[2328,796],
[2396,790],
[2450,800],
[2482,814],
[2554,820],
[2954,908],
[3414,982],
[3352,952],
[3336,926],
[3326,890],
[3304,822],
[3340,838],
[3206,786],
[3142,762],
[3096,746],
[3012,732],
[2748,714],
[2450,704],
[2680,750],
[2852,788],
[2770,764],
[2710,740],
[2284,618],
[1964,584],
[1702,624],
[1530,704],
[1374,734],
[1264,754],
[1162,762],
[1120,780],
[1096,790],
[1070,788],
[1050,792],
[1050,794],
[1120,794],
[1172,798],
[1204,792],
[1208,780],
[1226,764],
[1386,714],
[1482,684],
[1550,652],
[1610,640],
[1640,632],
[1668,622],
[1730,620],
[1898,576],
[1926,568],
[1914,570],
[1906,580],
[1824,596],
[1744,636],
[1702,654],
[1704,658],
[1696,668],
[1684,698],
[1672,762],
[1718,822],
[1740,894],
[1774,968],
[1760,978],
[1660,978],
[1616,876],
[1498,896],
[1388,918],
[1200,974],
[998,1070],
[964,1062],
[956,1004],
[942,968],
[1026,946],
[1168,936],
[1104,932],
[1050,948],
[980,960],
[960,942],
[1092,850],
[1116,802],
[1146,794],
[1202,774],
[1246,754],
[1286,748],
[1484,708],
[1590,690],
[1624,684],
[1676,674],
[1702,674],
[1686,682],
[1674,694],
[1654,714],
[1640,718],
[1616,742],
[1460,846],
[1270,950],
[1080,1070],
[990,1156],
[1004,1146],
[1102,1112],
[1240,1044],
[1322,994],
[1314,962],
[1338,932],
[1484,834],
[1620,754],
[1732,718],
[1820,684],
[1894,660],
[1928,652],
[2030,630],
[2154,614],
[2150,648],
[2192,660],
[2254,666],
[2310,668],
[2364,672],
[2398,662],
[2410,646],
[2452,632],
[2524,610],
[2484,612],
[2434,602],
[2356,598],
[2304,582],
[2336,592],
[2348,588],
[2398,578],
[2382,580],
[2402,568],
[2418,562],
[2422,558],
[2352,554],
[2228,554],
[2202,552],
[2208,556],
[2226,564],
[2258,566],
[2270,574],
[2280,564],
[2308,564],
[2412,562],
[2592,588],
[2666,592],
[2754,594],
[2800,596],
[2858,604],
[2966,632],
[3032,662],
[3088,674],
[3150,692],
[3294,722],
[3436,772],
[3408,742],
[3182,642],
[2888,590],
[2622,706],
[2480,688],
[2482,618],
[2530,654],
[2562,706],
[2522,682],
[2488,650],
[2484,634],
[2532,626],
[2564,618],
[2524,608],
[2494,594],
[2474,582],
[2486,552],
[2612,564],
[2710,570],
[2752,560],
[2786,564],
[2838,574],
[2874,586],
[2922,590],
[2958,602],
[2998,604],
[3026,610],
[3082,620],
[3156,632],
[3084,622],
[3072,626],
[3048,626],
[3038,618],
[2996,610],
[2902,604],
[2878,584],
[2874,588],
[2874,586],
[2922,592],
[2992,624],
[3074,628],
[3094,630],
[3130,632],
[3406,660],
[3558,694],
[3732,774],
[3838,914],
[3960,960],
[4086,1058],
[4202,1106],
[4246,1156],
[4298,1216],
[4362,1250],
[4424,1288],
[4448,1304],
[4444,1300],
[4444,1292],
[4440,1284],
[4444,1298],
[4440,1296],
[4370,1210],
[4368,1214],
[4380,1196],
[4378,1196],
[4350,1218],
[4338,1220],
[4330,1238],
[4326,1234],
[4334,1234],
[4324,1236],
[4324,1238],
[4356,1218],
[4332,1210],
[4306,1238],
[4294,1186],
[4088,1070],
[3982,1014],
[3650,1116],
[3744,1026],
[3852,1000],
[3926,1096],
[3922,1258],
[3878,1188],
[3842,1182],
[3870,1142],
[3890,1126],
[3880,1100],
[3894,1060],
[3906,1050],
[3902,1026],
[3820,1048],
[3668,1118],
[3648,1132],
[3652,1130],
[3684,1148],
[3762,1142],
[3780,1146],
[3818,1124],
[3866,1118],
[3870,1112],
[3898,1104],
[3934,1094],
[3958,1088],
[3960,1086],
[3982,1078],
[3994,1080],
[4000,1082],
[4008,1086],
[3984,1092],
[3980,1086],
[3912,1078],
[3866,1074],
[3838,1068],
[3800,1068],
[3796,1072],
[3784,1068],
[3774,1064],
[3762,1072],
[3766,1070],
[3766,1070],
[3772,1064],
[3768,1066],
[3768,1066],
[3766,1064],
[3766,1064],
[3774,1066],
[3774,1066],
[3766,1066],
[3770,1066],
[3770,1066],
[3770,1066],
[3768,1066],
[3772,1066],
[3772,1070],
[3766,1064],
[3504,854],
[3146,562],
[2680,248],
[2158,166],
[1820,276],
[1518,510],
[1304,806],
[1158,1016],
[1002,1152],
[890,1156],
[912,1154],
[922,1150],
[992,1118],
[1206,778],
[1296,666],
[1368,646],
[1412,658],
[1442,674],
[1444,650],
[1458,654],
[1464,642],
[1470,642],
[1466,640],
[1478,630],
[1512,630],
[1546,618],
[1558,620],
[1570,610],
[1456,652],
[1330,690],
[1244,716],
[1226,730],
[1186,740],
[1036,712],
[858,662],
[762,714],
[600,812],
[492,976],
[378,1278],
[354,1276],
[342,1258],
[350,1206],
[348,1166],
[346,1138],
[332,1138],
[312,1134],
[298,1146],
[282,1156],
[278,1152],
[282,1158],
[336,1132],
[370,1112],
[454,1082],
[516,1052],
[608,1028],
[718,982],
[802,944],
[920,878],
[970,830],
[1038,786],
[1064,776],
[1100,758],
[1140,750],
[1180,738],
[1218,730],
[1250,718],
[1330,704],
[1344,700],
[1416,698],
[1502,678],
[1570,668],
[1598,658],
[1640,646],
[1674,650],
[1538,702],
[1426,756],
[1348,786],
[1364,792],
[1400,810],
[1416,814],
[1412,850],
[1336,984],
[1210,1140],
[1108,1266],
[1130,1290],
[1162,1324],
[1592,1408],
[2254,1544],
[2026,1514],
[1568,1408],
[1424,1364],
[1498,1342],
[1648,1296],
[1754,1278],
[1840,1260],
[2622,896],
[3134,804],
[3446,856],
[3618,960],
[3826,930],
[3866,990],
[3942,1022],
[4034,1058],
[4098,1078],
[4158,1110],
[4260,1160],
[4330,1190],
[4392,1218],
[4436,1236],
[4448,1244],
[4448,1244],
[4448,1244],
[4440,1258],
[4442,1268],
[4398,1222],
[4416,1218],
[4402,1226],
[4392,1220],
[4392,1228],
[4402,1226],
[4416,1196],
[4414,1196],
[4406,1204],
[4362,1164],
[4224,1124],
[4084,1144],
[4056,1112],
[4046,1124],
[4034,1110],
[4032,1090],
[4030,1058],
[4034,1048],
[4054,1048],
[4102,1074],
[4120,1102],
[4100,1138],
[4120,1144],
[4140,1138],
[4128,1130],
[4140,1116],
[4146,1098],
[4150,1090],
[4188,1138],
[4204,1154],
[4076,988],
[3952,854],
[3618,734],
[3572,770],
[3542,768],
[3454,756],
[3422,754],
[3378,742],
[3332,726],
[3256,716],
[3266,692],
[3238,702],
[3222,694],
[3222,692],
[3212,692],
[3212,682],
[3196,682],
[3156,668],
[3036,550],
[2888,222],
[2690,10],
[2376,8],
[2198,12],
[2040,30],
[2004,32],
[2138,252],
[2042,528],
[1974,584],
[1940,482],
[1880,520],
[1884,592],
[2012,592],
[2132,582],
[2190,610],
[2318,538],
[2460,572],
[2478,606],
[2418,614],
[2368,622],
[2336,624],
[2320,616],
[2330,598],
[2354,600],
[2386,604],
[2422,624],
[2432,632],
[2212,528],
[2008,506],
[1878,568],
[1750,668],
[1666,670],
[1576,700],
[1600,712],
[1600,724],
[1604,730],
[1628,724],
[1650,718],
[1764,662],
[1888,604],
[1916,574],
[1920,576],
[1960,572],
[1966,576],
[1970,578],
[1970,586],
[1878,606],
[1816,616],
[1794,614],
[1800,620],
[1856,622],
[1920,614],
[1856,634],
[1844,658],
[1822,664],
[1810,672],
[1806,670],
[1962,530],
[2250,326],
[2604,182],
[2992,246],
[3398,484],
[3714,878],
[3958,1252],
[4076,1174],
[4152,1264],
[4178,1342],
[4180,1358],
[4188,1374],
[4182,1398],
[4152,1398],
[4144,1408],
[4138,1400],
[4102,1402],
[4104,1374],
[4026,1372],
[4006,1366],
[3978,1382],
[3978,1332],
[3602,1166],
[3076,1098],
[2652,1042],
[2552,988],
[2638,1024],
[2760,1066],
[2846,1156],
[2774,1118],
[2658,1062],
[2362,908],
[2222,816],
[2160,814],
[1922,922],
[1598,1086],
[1284,1262],
[1016,1414],
[826,1490],
[730,1448],
[552,1334],
[464,1270],
[426,1254],
[396,1236],
[330,1244],
[312,1362],
[272,1466],
[274,1534],
[274,1534],
[244,1294],
[226,1288],
[204,1298],
[222,1292],
[224,1290],
[216,1290],
[226,1280],
[220,1280],
[222,1284],
[220,1282],
[226,1280],
[238,1308],
[240,1306],
[182,1310],
[180,1310],
[196,1278],
[190,1284],
[188,1284],
[196,1276],
[240,1262],
[394,1308],
[424,1326],
[408,1348],
[420,1326],
[502,1332],
[598,1320],
[768,1248],
[912,1160],
[1032,1080],
[1072,1054],
[1130,1006],
[950,916],
[734,900],
[598,954],
[484,1060],
[412,1074],
[332,1112],
[270,1136],
[244,1160],
[198,1180],
[182,1184],
[142,1194],
[124,1202],
[106,1204],
[92,1208],
[76,1218],
[82,1222],
[78,1210],
[92,1202],
[184,1170],
[246,1130],
[300,1100],
[318,1096],
[356,1080],
[364,1074],
[392,1042],
[438,1022],
[466,996],
[514,982],
[546,962],
[604,958],
[638,924],
[662,926],
[684,936],
[684,932],
[682,936],
[692,922],
[694,922],
[698,926],
[698,922],
[700,924],
[692,924],
[694,926],
[696,928],
[698,926],
[698,922],
[694,926],
[696,928],
[690,940],
[682,932],
[696,928],
[694,928],
[698,928],
[704,920],
[696,926],
[706,926],
[708,926],
[700,926],
[700,926],
[716,922],
[844,828],
[944,616],
[1098,536],
[1294,512],
[1554,560],
[1820,692],
[2008,630],
[2214,652],
[2436,808],
[2206,658],
[1982,644],
[1848,706],
[1786,692],
[1778,676],
[1734,704],
[1650,720],
[1552,748],
[1422,778],
[1370,780],
[1298,774],
[1198,800],
[1094,850],
[968,876],
[864,906],
[786,934],
[724,968],
[678,990],
[652,1024],
[666,1046],
[608,1054],
[618,988],
[638,1040],
[670,1130],
[744,1040],
[914,1026],
[1194,1150],
[1370,1088],
[1610,1158],
[1758,1136],
[1962,1146],
[2196,1142],
[2724,1124],
[3020,1114],
[3230,1118],
[3368,1112],
[3486,1118],
[3554,1024],
[3596,950],
[3610,916],
[3616,894],
[3626,882],
[3610,864],
[3530,844],
[3484,830],
[3396,796],
[3046,618],
[2708,504],
[2300,458],
[2056,510],
[1846,596],
[1816,636],
[1844,650],
[1852,646],
[1880,636],
[1906,618],
[1908,604],
[1928,598],
[1946,594],
[2026,594],
[2084,588],
[2190,580],
[2346,576],
[2466,564],
[2518,558],
[2534,556],
[2556,556],
[2692,570],
[2856,600],
[2970,596],
[3056,622],
[3104,632],
[3152,636],
[3272,674],
[3318,722],
[3372,746],
[3336,632],
[3292,590],
[3258,600],
[3240,634],
[3236,628],
[3222,626],
[3202,620],
[3194,622],
[3206,612],
[3188,622],
[3186,622],
[3182,622],
[3184,626],
[3186,622],
[3178,628],
[3192,626],
[3188,626],
[3184,624],
[3190,626],
[3190,624],
[3182,626],
[3190,626],
[3190,626],
[3192,624],
[3192,622],
[3192,622],
[3188,622],
[3188,622],
[3188,622],
[3186,614],
[3190,618],
[3192,618],
[3192,618],
[3192,618],
[3190,628],
[3194,624],
[3192,624],
[3190,626],
[3190,624],
[3190,624],
[3192,628],
[3192,626],
[3194,626],
[3194,626],
[3262,594],
[3354,638],
[3486,750],
[3594,800],
[3688,846],
[3740,878],
[3762,882],
[3758,876],
[3756,874],
[3878,940],
[3590,774],
[3682,820],
[3682,820],
[3652,804],
[3632,808],
[3624,806],
[3616,794],
[3628,808],
[3656,806],
[3666,808],
[3570,780],
[3578,778],
[3562,772],
[3562,768],
[3562,768],
[3560,748],
[3560,758],
[3552,756],
[3544,770],
[3524,766],
[3506,746],
[3476,742],
[3468,752],
[3464,756],
[3456,754],
[3456,760],
[3448,758],
[3436,756],
[3430,742],
[3416,736],
[3418,736],
[3414,734],
[3410,734],
[3406,734],
[3406,734],
[3394,736],
[3394,736],
[3394,738],
[3394,738],
[3394,738],
[3394,738],
[3392,738],
[3392,740],
[3392,740],
[3392,740],
[3392,740],
[3392,740],
[3392,740],
[3392,740],
[3392,740],
[3392,740],
[3392,740],
[3392,740],
[3392,740],
[3394,740],
[3396,740],
[3310,674],
[3042,440],
[2822,288],
[2620,196],
[2436,202],
[2266,278],
[2080,418],
[1920,574],
[1934,610],
[1932,620],
[1926,648],
[1956,646],
[2062,692],
[2140,700],
[2240,698],
[2296,690],
[2294,676],
[2390,626],
[2500,596],
[2568,566],
[2620,564],
[2654,588],
[2694,580],
[2738,588],
[2770,598],
[2758,602],
[2766,610],
[2836,622],
[2802,662],
[2804,660],
[2834,692],
[2848,698],
[2870,708],
[2876,722],
[2888,686],
[2894,690],
[2708,644],
[2590,604],
[2430,590],
[2422,578],
[2434,574],
[2428,576],
[2572,578],
[2682,564],
[2730,572],
[2736,570],
[2782,572],
[2872,586],
[2932,594],
[2992,604],
[3054,612],
[3038,612],
[3060,616],
[2996,618],
[2932,626],
[2920,618],
[2934,612],
[2950,614],
[2980,604],
[2982,608],
[2976,610],
[2994,612],
[3024,616],
[3064,626],
[3106,636],
[3146,658],
[3186,668],
[3198,680],
[3246,694],
[3186,744],
[3140,720],
[3118,712],
[3342,698],
[3566,696],
[3692,748],
[3778,810],
[3784,842],
[3778,834],
[3764,828],
[3634,826],
[3558,752],
[3558,752],
[3558,752],
[3536,752],
[3526,758],
[3526,758],
[3502,758],
[3478,750],
[3454,756],
[3454,756],
[3448,764],
[3446,772],
[3406,752],
[3396,742],
[3396,742],
[3394,724],
[3392,734],
[3392,734],
[3392,734],
[3394,738],
[3394,738],
[3384,744],
[3394,742],
[3394,742],
[3394,742],
[3394,742],
[3394,742],
[3392,742],
[3392,742],
[3392,742],
[3392,746],
[3396,742],
[3396,742],
[3396,744],
[3396,744],
[3396,744],
[3396,744],
[3396,744],
[3288,664],
[3056,470],
[2832,292],
[2640,186],
[2442,180],
[2270,242],
[2092,372],
[1932,574],
[1978,604],
[2040,572],
[2096,598],
[2134,574],
[2102,602],
[2112,602],
[1980,594],
[1998,572],
[2162,568],
[2182,562],
[2144,584],
[2092,594],
[2120,606],
[2174,608],
[2196,620],
[2210,630],
[2228,640],
[2236,654],
[2254,682],
[2210,718],
[2170,794],
[2138,862],
[2122,918],
[2140,924],
[2144,958],
[2536,1054],
[2928,1162],
[3278,1238],
[3382,1290],
[3344,1370],
[3256,1448],
[2686,1364],
[2286,1296],
[2178,1330],
[2200,1406],
[2202,1496],
[2038,1518],
[1920,1566],
[1426,1152],
[1266,1036],
[1242,948],
[1230,918],
[1268,910],
[1338,904],
[1392,886],
[1600,810],
[2002,644],
[2218,598],
[2278,578],
[2196,580],
[2146,578],
[2114,584],
[2122,572],
[2124,562],
[2118,558],
[2124,554],
[2098,548],
[2058,566],
[1978,568],
[1974,568],
[1968,572],
[1962,590],
[1970,596],
[1954,576],
[1904,586],
[1782,606],
[1674,640],
[1638,646],
[1636,654],
[1638,656],
[1640,668],
[1562,706],
[1454,764],
[1354,806],
[1286,838],
[1290,856],
[1284,878],
[1228,980],
[1188,1138],
[1152,1216],
[1128,1226],
[1108,1248],
[1324,1480],
[1686,1688],
[1704,1696],
[1912,1682],
[2260,1576],
[2504,1522],
[2934,1410],
[3226,1356],
[3480,1334],
[3690,1330],
[3862,1308],
[3988,1248],
[4056,1252],
[4152,1228],
[4172,1194],
[4200,1176],
[4166,1170],
[4152,1170],
[4046,1152],
[3944,1114],
[3890,1114],
[3862,1132],
[3794,1144],
[3744,1162],
[3664,1220],
[3614,1262],
[3536,1320],
[3100,1208],
[2630,1144],
[2198,1108],
[1948,1120],
[1768,1138],
[1660,1242],
[1564,1330],
[1478,1386],
[1448,1378],
[1542,1370],
[1640,1386],
[1722,1370],
[1838,1308],
[2110,1164],
[2452,968],
[2530,928],
[2554,896],
[2500,880],
[2456,820],
[2366,754],
[2282,728],
[2256,704],
[2208,688],
[2160,660],
[2154,644],
[2132,636],
[2104,606],
[2084,594],
[2024,594],
[1962,596],
[1828,564],
[1558,554],
[1328,576],
[1144,676],
[1032,744],
[944,780],
[904,800],
[874,810],
[860,816],
[838,820],
[816,844],
[804,846],
[784,866],
[776,868],
[780,880],
[798,858],
[822,848],
[840,852],
[834,850],
[904,862],
[1020,862],
[1128,862],
[1178,838],
[1102,748],
[1074,738],
[1086,778],
[1076,768],
[1088,780],
[1100,764],
[1122,770],
[1148,764],
[1184,744],
[1348,728],
[1522,696],
[1628,678],
[1580,686],
[1562,694],
[1544,698],
[1514,706],
[1446,776],
[1382,812],
[1314,862],
[1260,904],
[1218,936],
[1238,948],
[1302,960],
[1360,978],
[1346,1044],
[1268,1194],
[1182,1336],
[1152,1364],
[1186,1308],
[1190,1314],
[1206,1140],
[1178,1042],
[1138,972],
[1182,960],
[1172,974],
[1176,970],
[1192,976],
[1200,976],
[1246,962],
[1286,926],
[1468,794],
[1570,698],
[1616,682],
[1668,658],
[1688,650],
[1780,648],
[1930,628],
[2008,616],
[2048,602],
[2000,610],
[1972,616],
[1918,642],
[1892,650],
[1862,668],
[1856,678],
[1820,690],
[1710,744],
[1592,804],
[1488,852],
[1534,856],
[1584,880],
[1658,900],
[1714,914],
[1790,952],
[1854,998],
[1906,1036],
[1850,1118],
[1744,1218],
[1702,1302],
[1716,1326],
[1748,1312],
[1842,1286],
[2128,1100],
[2394,940],
[2216,878],
[1976,862],
[1874,878],
[1836,892],
[1728,922],
[1674,944],
[1546,990],
[1430,1022],
[1246,1034],
[1126,1034],
[1210,904],
[1224,856],
[1176,852],
[1144,864],
[1212,780],
[1204,808],
[1198,812],
[1256,806],
[1330,790],
[1412,780],
[1478,812],
[1540,840],
[1582,866],
[1694,872],
[1666,874],
[1710,866],
[1756,866],
[1986,734],
[2334,576],
[2618,544],
[2752,586],
[2900,690],
[2846,602],
[2792,620],
[2762,670],
[2846,706],
[2918,742],
[2870,756],
[2894,778],
[3042,898],
[3212,1026],
[3342,1118],
[3434,1102],
[3528,1094],
[3562,1060],
[3610,1040],
[3534,998],
[3496,946],
[3438,922],
[3418,880],
[3546,908],
[3590,930],
[3662,944],
[3702,938],
[3590,806],
[3560,774],
[3492,676],
[3502,740],
[3440,734],
[3656,800],
[3562,772],
[3618,792],
[3618,792],
[3618,792],
[3618,792],
[3618,792],
[3618,792],
[3618,792],
[3618,792],
[3618,792],
[3618,792],
[3618,792],
[3618,792],
[3448,730],
[3428,710],
[3410,730],
[3386,712],
[3360,698],
[3338,690],
[3334,688],
[3314,680],
[3314,674],
[3306,674],
[3298,672],
[3298,672],
[3288,676],
[3294,676],
[3294,676],
[3318,682],
[3336,696],
[3350,694],
[3362,700],
[3370,708],
[3384,712],
[3384,712],
[3394,714],
[3398,718],
[3402,724],
[3402,724],
[3402,726],
[3402,726],
[3402,726],
[3402,726],
[3402,726],
[3402,726],
[3404,726],
[3404,726],
[3404,730],
[3408,730],
[3412,736],
[3412,734],
[3412,736],
[3404,734],
[3404,734],
[3404,734],
[3396,732],
[3396,732],
[3396,734],
[3396,734],
[3396,736],
[3396,736],
[3396,736],
[3396,736],
[3396,736],
[3396,740],
[3398,738],
[3398,736],
[3402,736],
[3402,736],
[3400,724],
[3394,734],
[3400,742],
[3400,742],
[3398,742],
[3398,742],
[3398,742],
[3398,742],
[3398,742],
[3398,742],
[3398,736],
[3398,740],
[3398,740],
[3398,740],
[3262,650],
[2986,388],
[2768,250],
[2546,210],
[2370,228],
[2246,298],
[2152,364],
[2060,472],
[1970,554],
[1864,564],
[1944,536],
[2050,564],
[2086,556],
[1994,548],
[2106,520],
[2218,532],
[2328,534],
[2380,516],
[2404,526],
[2416,524],
[2352,530],
[2340,522],
[2344,520],
[2340,520],
[2336,518],
[2312,516],
[2306,532],
[2300,526],
[2290,512],
[2278,516],
[2274,516],
[2270,522],
[2268,528],
[2268,530],
[2274,512],
[2274,512],
[2258,516],
[2250,516],
[2136,538],
[2004,556],
[1970,554],
[1974,554],
[1900,564],
[1872,576],
[2016,528],
[2272,504],
[2472,564],
[2422,556],
[2388,572],
[2366,570],
[2300,498],
[2254,388],
[2220,378],
[2182,432],
[2130,498],
[2112,556],
[2128,550],
[2034,558],
[2004,558],
[1990,572],
[1958,570],
[1924,570],
[1912,566],
[1914,560],
[1792,582],
[1670,610],
[1640,620],
[1634,620],
[1516,660],
[1432,702],
[1334,746],
[1234,782],
[1210,798],
[1224,808],
[1208,838],
[1230,838],
[1278,856],
[1312,892],
[1330,906],
[1378,890],
[1438,882],
[1478,878],
[1536,876],
[1602,866],
[1936,634],
[2250,464],
[2482,374],
[2634,362],
[2760,434],
[2824,528],
[2826,544],
[2792,506],
[2716,552],
[2712,596],
[2650,570],
[2632,582],
[2618,600],
[2580,590],
[2524,584],
[2412,600],
[2338,602],
[2336,608],
[2358,608],
[2372,616],
[2464,624],
[2528,634],
[2614,646],
[2708,644],
[2788,650],
[2870,646],
[3018,648],
[3060,656],
[3064,668],
[3100,672],
[3190,690],
[3246,694],
[3204,674],
[3174,670],
[3194,668],
[3210,668],
[3240,662],
[3314,682],
[3428,666],
[3496,698],
[3538,760],
[3556,816],
[3588,862],
[3554,886],
[3526,888],
[3446,878],
[3376,842],
[3196,748],
[3424,782],
[3534,802],
[3680,848],
[3732,866],
[3810,880],
[3838,890],
[3906,934],
[3904,940],
[3754,896],
[3608,776],
[3600,782],
[3612,790],
[3612,790],
[3612,790],
[3468,746],
[3978,942],
[3934,960],
[3930,972],
[3976,1002],
[4046,1028],
[4078,1040],
[4120,1066],
[4164,1086],
[4182,1100],
[4228,1118],
[4280,1150],
[4294,1172],
[4342,1186],
[4374,1204],
[4372,1198],
[4368,1192],
[4374,1204],
[4374,1190],
[4378,1200],
[4388,1202],
[4394,1208],
[4386,1206],
[4382,1210],
[4384,1210],
[4384,1210],
[4384,1208],
[4384,1210],
[4382,1206],
[4382,1204],
[4386,1206],
[4384,1224],
[4390,1200],
[4388,1210],
[4386,1212],
[4386,1206],
[4380,1212],
[4378,1210],
[4384,1210],
[4374,1196],
[4118,952],
[3900,806],
[3664,746],
[3464,722],
[3314,614],
[3134,658],
[2978,688],
[2896,650],
[2808,690],
[2834,686],
[2840,686],
[2864,688],
[2866,688],
[2816,676],
[2718,624],
[2670,598],
[2650,592],
[2660,594],
[2760,602],
[2906,612],
[2996,630],
[3074,636],
[3122,650],
[3128,648],
[3148,640],
[3184,638],
[3208,636],
[3188,640],
[3144,640],
[3118,624],
[3098,628],
[3144,622],
[3182,640],
[3234,654],
[3272,664],
[3330,684],
[3348,658],
[3372,684],
[3368,704],
[3306,534],
[3280,400],
[3238,386],
[3186,470],
[3148,484],
[3110,570],
[3146,512],
[3214,454],
[3268,432],
[3290,494],
[3300,568],
[3300,676],
[3238,672],
[3196,668],
[3174,654],
[3288,702],
[3294,724],
[3258,654],
[3192,486],
[3146,450],
[3080,442],
[3024,482],
[2944,564],
[2892,558],
[2850,524],
[2830,560],
[2788,572],
[2768,538],
[2748,546],
[2760,542],
[2750,536],
[2766,524],
[2760,532],
[2630,514],
[2516,552],
[2426,552],
[2356,556],
[2294,552],
[2174,596],
[2102,610],
[2036,636],
[1952,656],
[1936,670],
[1964,676],
[1978,688],
[2028,754],
[2138,848],
[2208,902],
[2204,928],
[2380,1022],
[2780,1220],
[2838,1318],
[2496,1228],
[2218,1152],
[2620,1210],
[3376,1248],
[3340,1178],
[3346,1168],
[3262,1114],
[2768,1016],
[2436,962],
[2226,948],
[2088,1010],
[1956,1112],
[1732,1322],
[1526,1544],
[1442,1540],
[1418,1490],
[1316,1430],
[1310,1362],
[1270,1296],
[1262,1210],
[1026,1174],
[712,1206],
[650,1200],
[614,1178],
[594,1170],
[544,1162],
[524,1144],
[644,974],
[796,866],
[910,854],
[970,802],
[980,822],
[990,818],
[1024,830],
[1070,836],
[1148,850],
[1138,854],
[1136,866],
[1178,870],
[1180,872],
[1156,910],
[1122,928],
[1112,954],
[1098,1002],
[1068,1034],
[1018,1110],
[878,1296],
[806,1418],
[1086,1090],
[1254,1024],
[1252,1016],
[1100,1040],
[924,1066],
[910,1052],
[950,1056],
[1046,1002],
[1164,896],
[1214,870],
[1210,866],
[1232,842],
[1324,758],
[1532,622],
[1700,606],
[1838,580],
[1884,582],
[1918,576],
[1968,590],
[1974,580],
[2074,584],
[2148,588],
[2186,584],
[2314,596],
[2448,608],
[2414,606],
[2394,586],
[2306,564],
[2218,588],
[2190,594],
[2182,596],
[2130,590],
[2064,600],
[2006,622],
[1902,624],
[1828,626],
[1848,628],
[1900,630],
[1952,602],
[1948,606],
[2044,582],
[2008,520],
[2036,526],
[2058,568],
[2076,584],
[2070,588],
[1964,600],
[1918,598],
[1904,596],
[1786,614],
[1702,630],
[1680,640],
[1594,680],
[1496,734],
[1432,764],
[1350,798],
[1324,812],
[1324,812],
[1256,894],
[1188,1010],
[1134,1106],
[1120,1146],
[1096,1166],
[1110,1186],
[1184,1186],
[1272,1104],
[1322,1030],
[1344,994],
[1358,974],
[1372,954],
[1486,758],
[1624,650],
[1766,638],
[1858,618],
[1904,594],
[1948,612],
[1986,610],
[2016,608],
[2058,596],
[2176,578],
[2244,554],
[2288,554],
[2316,558],
[2390,562],
[2454,574],
[2512,578],
[2406,592],
[2378,606],
[2376,606],
[2390,606],
[2412,622],
[2494,642],
[2630,684],
[2698,704],
[2800,710],
[3086,790],
[3362,946],
[3604,1052],
[3760,1140],
[3848,1178],
[3852,1138],
[3856,1122],
[3862,1090],
[3894,1070],
[3938,1054],
[3976,1030],
[4018,1030],
[4038,1026],
[4022,1024],
[4022,1022],
[4052,1020],
[4030,998],
[4026,994],
[4024,998],
[4026,996],
[4020,1004],
[4020,1004],
[4072,972],
[4028,1000],
[3810,878],
[3576,790],
[3802,884],
[3826,902],
[3826,902],
[3826,902],
[3826,902],
[3802,908],
[3768,864],
[3752,874],
[3756,872],
[3744,862],
[3734,856],
[3722,860],
[3698,866],
[3690,850],
[3682,848],
[3666,842],
[3656,834],
[3642,826],
[3624,814],
[3602,800],
[3596,794],
[3554,780],
[3520,768],
[3504,758],
[3484,746],
[3450,736],
[3432,732],
[3418,720],
[3400,718],
[3404,724],
[3394,734],
[3390,736],
[3390,736],
[3390,736],
[3390,736],
[3392,738],
[3390,736],
[3390,736],
[3390,736],
[3390,736],
[3390,736],
[3390,736],
[3390,736],
[3390,736],
[3390,736],
[3390,736],
[3390,736],
[3390,736],
[3390,732],
[3390,742],
[3390,742],
[3240,664],
[2884,436],
[2764,322],
[2526,260],
[2266,270],
[2152,360],
[1990,470],
[1866,592],
[1918,574],
[1976,568],
[2026,598],
[2018,604],
[1970,596],
[1884,592],
[1860,588],
[1922,572],
[2180,502],
[2344,498],
[2574,506],
[2698,564],
[2820,548],
[2924,606],
[3020,602],
[3054,610],
[3084,630],
[3126,638],
[3172,648],
[3268,686],
[3348,712],
[3402,720],
[3216,574],
[3072,480],
[2942,422],
[2798,416],
[2636,464],
[2534,550],
[2364,584],
[2306,566],
[2368,582],
[2404,578],
[2530,564],
[2650,594],
[2768,606],
[2666,598],
[2656,598],
[2722,602],
[2762,608],
[2786,614],
[2824,628],
[2870,642],
[3066,676],
[3240,718],
[3390,744],
[3406,734],
[3062,654],
[2834,660],
[2626,702],
[2532,752],
[2662,850],
[2764,966],
[2838,1012],
[2594,1030],
[2376,1054],
[2194,1096],
[2056,1120],
[1950,1154],
[1874,1006],
[1864,906],
[1706,894],
[1570,902],
[1436,920],
[1504,836],
[1632,792],
[1700,758],
[1850,742],
[1948,738],
[1972,716],
[1926,704],
[1918,692],
[1856,682],
[1824,692],
[1654,678],
[1346,678],
[1056,770],
[726,996],
[444,1268],
[238,1318],
[236,1484],
[278,1382],
[246,1362],
[220,1380],
[222,1370],
[262,1350],
[262,1338],
[240,1298],
[240,1298],
[220,1286],
[228,1298],
[240,1306],
[236,1298],
[238,1300],
[238,1300],
[238,1300],
[234,1302],
[226,1312],
[244,1300],
[244,1304],
[252,1314],
[242,1304],
[244,1306],
[244,1306],
[256,1316],
[260,1310],
[262,1310],
[264,1310],
[264,1312],
[264,1314],
[276,1314],
[276,1314],
[272,1314],
[272,1314],
[298,1328],
[318,1336],
[404,1234],
[602,1090],
[884,1066],
[1520,1286],
[1732,1382],
[1758,1278],
[1804,1240],
[1826,1202],
[2020,1010],
[2240,836],
[2348,768],
[2428,712],
[2450,710],
[2476,696],
[2500,690],
[2498,676],
[2490,664],
[2448,650],
[2212,636],
[2078,636],
[2116,620],
[2174,614],
[2202,584],
[2304,570],
[2302,580],
[2272,570],
[2246,560],
[2142,572],
[2082,576],
[2088,576],
[2104,576],
[2108,588],
[2104,588],
[2090,590],
[2094,590],
[2100,594],
[2156,582],
[2184,578],
[2192,576],
[2240,590],
[2264,588],
[2302,594],
[2334,592],
[2382,612],
[2392,614],
[2362,602],
[2314,588],
[2278,586],
[2226,566],
[2224,562],
[2226,564],
[2224,566],
[2204,568],
[2078,582],
[1918,602],
[1812,614],
[1824,612],
[1822,610],
[1812,624],
[1814,618],
[1828,622],
[1834,628],
[1842,624],
[1844,632],
[1830,634],
[1820,642],
[1850,642],
[1902,646],
[1976,658],
[2056,662],
[2122,678],
[2212,678],
[2328,684],
[2346,628],
[2370,678],
[2344,682],
[2304,710],
[2190,720],
[2062,732],
[1970,730],
[1902,736],
[1726,790],
[1492,876],
[1456,870],
[1584,786],
[1596,748],
[1592,748],
[1588,734],
[1610,716],
[1716,692],
[1774,672],
[1806,666],
[1836,660],
[1894,660],
[1920,654],
[1934,664],
[1946,676],
[1908,692],
[1890,706],
[1898,714],
[1912,708],
[1980,692],
[2040,682],
[2078,676],
[2204,684],
[2352,690],
[2472,676],
[2528,708],
[2604,744],
[2538,746],
[2498,730],
[2492,738],
[2500,750],
[2500,756],
[2548,766],
[2534,750],
[2528,686],
[2586,526],
[2616,476],
[2676,520],
[2694,570],
[2690,574],
[2708,448],
[2768,256],
[2782,212],
[2800,214],
[2814,292],
[2814,422],
[2798,572],
[2850,570],
[2890,592],
[2920,590],
[2932,580],
[2926,586],
[2842,564],
[2704,570],
[2572,566],
[2500,562],
[2528,564],
[2558,566],
[2612,576],
[2662,586],
[2668,574],
[2598,578],
[2530,590],
[2458,598],
[2476,594],
[2538,596],
[2584,598],
[2630,606],
[2696,610],
[2694,640],
[2694,654],
[2738,682],
[2792,698],
[2884,710],
[3296,738],
[3634,826],
[3674,846],
[3694,846],
[3694,856],
[3734,876],
[3736,872],
[3734,862],
[3740,860],
[3738,872],
[3724,906],
[3708,914],
[3692,918],
[3688,916],
[3678,898],
[3660,960],
[3640,1048],
[3628,1120],
[3600,1208],
[3598,1282],
[3568,1304],
[3448,1406],
[3318,1494],
[3052,1580],
[2516,1704],
[2102,1764],
[1874,1810],
[1734,1722],
[1790,1718],
[1728,1642],
[1712,1784],
[1690,1858],
[1666,1912],
[1654,1970],
[1656,1976],
[1664,1980],
[1676,1964],
[2030,1912],
[2522,1816],
[2560,1692],
[2676,1668],
[2768,1628],
[2824,1634],
[2886,1640],
[2890,1632],
[2796,1558],
[2776,1542],
[2776,1532],
[2772,1526],
[2778,1520],
[2782,1520],
[2782,1520],
[2776,1524],
[2752,1530],
[2784,1536],
[2784,1536],
[2770,1528],
[2770,1528],
[2768,1530],
[2770,1532],
[2772,1530],
[2772,1530],
[2772,1530],
[2772,1530],
[2772,1530],
[2772,1530],
[2772,1530],
[2772,1530],
[2772,1530],
[2772,1530],
[2772,1530],
[2772,1530],
[2378,1242],
[1738,628],
[1410,490],
[1222,450],
[1090,554],
[1090,678],
[1078,778],
[1068,792],
[1014,708],
[1012,778],
[990,730],
[972,704],
[976,752],
[976,776],
[1098,734],
[1136,726],
[1158,712],
[1194,708],
[1224,696],
[1266,676],
[1386,658],
[1500,640],
[1560,630],
[1566,624],
[1550,632],
[1434,654],
[1310,690],
[1306,688],
[1308,696],
[1286,686],
[1274,676],
[1224,680],
[1192,688],
[1148,700],
[1164,706],
[1158,708],
[1062,690],
[954,686],
[814,766],
[680,882],
[574,1000],
[452,1016],
[376,1090],
[266,1124],
[224,1158],
[178,1190],
[142,1208],
[118,1224],
[120,1220],
[150,1204],
[168,1192],
[174,1182],
[170,1180],
[306,1126],
[426,1090],
[424,1096],
[488,1102],
[580,1100],
[612,1096],
[648,1088],
[696,1080],
[774,1048],
[878,1016],
[954,982],
[1024,940],
[1222,908],
[1214,930],
[1208,944],
[1180,988],
[1238,1022],
[1650,1098],
[2064,1152],
[2540,1182],
[2898,1226],
[3160,1244],
[3406,1264],
[3552,1270],
[3670,1276],
[3770,1278],
[3744,1234],
[3730,1194],
[3526,1102],
[3170,984],
[2942,902],
[2898,900],
[2794,860],
[2708,814],
[2344,736],
[2244,678],
[2296,698],
[2302,664],
[2308,656],
[2310,642],
[2408,628],
[2490,610],
[2572,592],
[2610,588],
[2634,578],
[2672,570],
[2704,570],
[2714,568],
[2738,572],
[2784,578],
[2818,584],
[2838,596],
[2842,602],
[2828,606],
[2816,606],
[2806,612],
[2718,604],
[2652,608],
[2654,608],
[2698,616],
[2734,618],
[2790,626],
[2848,670],
[2816,656],
[2770,662],
[2716,670],
[2678,680],
[2656,688],
[2738,792],
[2860,896],
[3004,1020],
[3034,1004],
[3068,1012],
[3076,998],
[3094,1000],
[3064,970],
[3050,946],
[2862,838],
[2634,734],
[2518,688],
[2518,682],
[2536,672],
[2702,668],
[2780,662],
[2752,652],
[2622,620],
[2540,594],
[2488,576],
[2548,582],
[2642,566],
[2656,566],
[2692,570],
[2720,578],
[2736,582],
[2804,588],
[2824,594],
[2920,604],
[3010,608],
[3076,620],
[3106,620],
[3264,632],
[3394,652],
[3452,718],
[3430,728],
[3440,722],
[3404,714],
[3368,700],
[3334,688],
[3288,672],
[3274,670],
[3258,664],
[3230,656],
[3206,644],
[3194,644],
[3196,638],
[3194,640],
[3200,640],
[3196,640],
[3200,640],
[3196,630],
[3200,628],
[3194,634],
[3194,630],
[3194,624],
[3194,624],
[3194,624],
[3194,624],
[3194,624],
[3194,624],
[3194,624],
[3194,624],
[3194,624],
[3194,624],
[3194,626],
[3194,626],
[3194,626],
[3194,630],
[3192,626],
[3196,628],
[3218,602],
[3310,532],
[3396,554],
[3502,658],
[3548,780],
[3308,698],
[3104,740],
[2990,694],
[2860,710],
[2770,698],
[2670,654],
[2616,652],
[2564,626],
[2546,668],
[2528,682],
[2532,690],
[2528,702],
[2546,714],
[2856,686],
[3258,740],
[3586,854],
[3878,1018],
[3906,1082],
[3832,1088],
[3542,1078],
[3484,1032],
[3522,988],
[3464,962],
[3370,922],
[3334,892],
[3398,856],
[3402,866],
[3418,874],
[3380,878],
[3326,888],
[3278,890],
[3244,912],
[3206,940],
[2944,842],
[2414,658],
[1856,604],
[1384,692],
[986,916],
[760,1126],
[622,1128],
[464,1172],
[420,1204],
[384,1202],
[318,1210],
[290,1232],
[262,1238],
[358,1238],
[422,1226],
[464,1230],
[520,1226],
[586,1220],
[704,1178],
[1000,1008],
[1080,932],
[1166,888],
[1232,844],
[1268,834],
[1302,830],
[1472,800],
[1558,758],
[1586,734],
[1608,722],
[1630,708],
[1770,656],
[1864,618],
[1932,594],
[1996,582],
[2010,576],
[2008,576],
[2002,578],
[1946,600],
[1916,612],
[1928,614],
[1940,618],
[1942,620],
[1930,624],
[1926,634],
[2106,658],
[2390,690],
[2668,730],
[2576,676],
[2550,652],
[2544,650],
[2602,650],
[2636,648],
[2682,652],
[2800,650],
[2812,646],
[2784,630],
[2684,630],
[2636,620],
[2862,670],
[2972,698],
[3040,718],
[3064,774],
[3076,798],
[3092,826],
[2838,824],
[2696,822],
[2680,830],
[2664,836],
[2656,842],
[2382,816],
[2084,814],
[1950,824],
[1990,878],
[1950,918],
[1844,994],
[1586,1168],
[1316,1348],
[1062,1482],
[1012,1444],
[894,1440],
[804,1402],
[792,1406],
[864,1368],
[916,1272],
[950,1206],
[682,1150],
[736,1102],
[806,1066],
[890,1036],
[992,994],
[1064,962],
[1342,798],
[1438,724],
[1486,672],
[1508,676],
[1572,664],
[1624,656],
[1686,638],
[1770,628],
[1832,616],
[1992,594],
[2144,580],
[2258,572],
[2272,568],
[2274,568],
[2306,568],
[2308,568],
[2324,574],
[2304,590],
[2302,608],
[2326,602],
[2362,594],
[2392,582],
[2408,578],
[2428,574],
[2414,570],
[2330,564],
[2296,562],
[2282,558],
[2284,558],
[2236,564],
[2190,580],
[2120,590],
[2032,608],
[1944,624],
[1912,626],
[1912,628],
[1924,660],
[1952,700],
[1978,744],
[2000,776],
[2014,820],
[2026,842],
[2050,912],
[2084,1050],
[2148,1236],
[2144,1250],
[2136,1234],
[1916,1116],
[1654,1020],
[1520,984],
[1442,968],
[1494,940],
[1546,916],
[1590,886],
[1702,730],
[1722,666],
[1720,654],
[1720,644],
[1718,646],
[1756,638],
[1784,634],
[1808,628],
[1828,626],
[1838,626],
[1880,620],
[1920,608],
[1970,602],
[2002,600],
[2092,586],
[2248,580],
[2312,576],
[2242,568],
[2200,552],
[2208,558],
[2210,560],
[2212,562],
[2190,560],
[2072,570],
[1980,578],
[1960,578],
[1964,578],
[1962,572],
[1964,582],
[1950,586],
[1974,582],
[2016,578],
[2056,578],
[2124,580],
[2162,564],
[2188,562],
[2186,548],
[2158,552],
[1970,534],
[1714,596],
[1556,658],
[1430,664],
[1282,692],
[1222,714],
[1194,732],
[1186,738],
[1198,740],
[1186,754],
[1154,790],
[1134,826],
[1122,856],
[1116,892],
[1092,912],
[1108,930],
[1140,954],
[1162,988],
[1190,1016],
[1222,1048],
[1216,1046],
[1216,1048],
[1292,982],
[1384,864],
[1454,820],
[1466,794],
[1510,796],
[1560,790],
[1598,782],
[1666,766],
[1736,736],
[1832,714],
[1974,658],
[2016,624],
[2050,626],
[2104,626],
[2174,614],
[2236,614],
[2280,602],
[2308,604],
[2340,612],
[2372,616],
[2500,632],
[2592,648],
[2606,608],
[2636,600],
[2662,596],
[2856,610],
[2990,624],
[3114,636],
[3174,648],
[3218,650],
[3248,654],
[3272,658],
[3412,672],
[3460,706],
[3466,736],
[3484,714],
[3476,724],
[3476,724],
[3458,722],
[3400,734],
[3534,748],
[3554,766],
[3570,764],
[3568,766],
[3568,770],
[3562,776],
[3562,776],
[3546,778],
[3560,784],
[3556,776],
[3556,776],
[3562,774],
[3570,774],
[3558,766],
[3556,764],
[3556,764],
[3542,766],
[3546,762],
[3546,762],
[3542,760],
[3542,760],
[3550,766],
[3550,766],
[3506,766],
[3506,766],
[3506,766],
[3506,766],
[3506,766],
[3504,768],
[3496,758],
[3470,760],
[3446,752],
[3438,748],
[3420,744],
[3404,734],
[3400,730],
[3392,728],
[3402,742],
[3404,744],
[3400,742],
[3400,742],
[3400,738],
[3400,740],
[3400,740],
[3402,742],
[3402,744],
[3404,740],
[3400,742],
[3400,740],
[3400,742],
[3396,744],
[3396,744],
[3394,736],
[3392,740],
[3204,612],
[2974,440],
[2676,252],
[2490,208],
[2294,236],
[2112,318],
[1988,418],
[1884,542],
[1908,572],
[1924,566],
[1924,584],
[1830,594],
[1804,600],
[1756,622],
[1748,624],
[1756,626],
[1802,646],
[1878,674],
[1912,694],
[1900,708],
[1888,726],
[1872,750],
[1864,762],
[1862,764],
[1888,754],
[1908,716],
[1974,674],
[1998,692],
[2052,762],
[2132,824],
[2180,870],
[1892,974],
[1604,1068],
[1578,1126],
[1504,1158],
[1398,1186],
[1294,1170],
[952,1096],
[728,1078],
[578,1110],
[458,1138],
[376,1140],
[358,1144],
[432,1098],
[700,974],
[616,998],
[580,1022],
[530,1052],
[494,1080],
[460,1142],
[414,1180],
[364,1236],
[322,1270],
[272,1316],
[450,1164],
[706,1000],
[1122,914],
[1516,944],
[1380,1094],
[1128,1086],
[986,1138],
[950,1132],
[898,1128],
[732,1148],
[602,1164],
[520,1180],
[430,1166],
[394,1182],
[474,1108],
[628,956],
[752,914],
[894,846],
[1064,866],
[1192,846],
[1344,840],
[1448,804],
[1538,794],
[1634,712],
[1648,674],
[1682,670],
[1720,672],
[1740,680],
[1724,690],
[1684,716],
[1622,744],
[1600,758],
[1632,778],
[1820,822],
[2094,904],
[2350,908],
[2534,882],
[2748,886],
[2942,886],
[3126,894],
[3444,958],
[3654,1008],
[3804,1024],
[3900,1042],
[3978,1062],
[3986,1052],
[3982,1034],
[3976,1016],
[3794,826],
[3630,762],
[3402,736],
[3472,734],
[3460,732],
[3468,734],
[3478,734],
[3438,722],
[3406,708],
[3392,708],
[3414,718],
[3462,742],
[3462,742],
[3462,742],
[3462,742],
[3444,728],
[3432,722],
[3404,716],
[3404,714],
[3396,710],
[3392,706],
[3380,700],
[3370,692],
[3376,680],
[3362,676],
[3344,674],
[3320,672],
[3304,662],
[3284,654],
[3268,646],
[3248,640],
[3238,632],
[3234,628],
[3220,626],
[3212,620],
[3202,612],
[3202,612],
[3198,618],
[3198,618],
[3196,634],
[3194,618],
[3196,614],
[3196,628],
[3196,626],
[3196,626],
[3196,626],
[3196,626],
[3202,622],
[3196,622],
[3196,628],
[3196,624],
[3196,624],
[3194,620],
[3192,622],
[3314,596],
[3394,632],
[3486,758],
[3264,736],
[3168,706],
[3096,646],
[3056,516],
[2946,476],
[2782,588],
[2654,808],
[2490,860],
[2310,900],
[2126,1086],
[1944,1088],
[1736,1198],
[1516,1272],
[1140,1152],
[1052,1064],
[984,1026],
[940,992],
[898,996],
[860,984],
[916,928],
[1044,662],
[1278,284],
[1580,0],
[1580,0],
[3170,266],
[3572,846],
[3816,1284],
[4024,1354],
[4170,1288],
[4232,1398],
[4258,1408],
[4272,1414],
[4274,1406],
[4234,1426],
[3872,1270],
[3786,1274],
[3846,1336],
[3896,1350],
[3908,1356],
[3882,1344],
[3574,1212],
[3360,1186],
[3650,1276],
[3746,1414],
[3720,1386],
[3670,1398],
[3652,1374],
[3582,1444],
[3574,1442],
[3510,1484],
[3456,1544],
[3226,1516],
[2016,1044],
[1234,814],
[926,800],
[722,860],
[770,966],
[754,980],
[670,942],
[644,964],
[640,968],
[648,956],
[770,932],
[948,850],
[1048,810],
[1140,776],
[1238,744],
[1278,734],
[1324,722],
[1384,710],
[1428,696],
[1512,682],
[1644,664],
[1744,660],
[1758,650],
[1726,660],
[1722,664],
[1716,678],
[1710,682],
[1630,744],
[1566,782],
[1482,842],
[1422,884],
[1344,930],
[1386,954],
[1518,966],
[1642,984],
[1770,1004],
[2328,1018],
[2850,1138],
[3194,1330],
[3550,1436],
[3686,1420],
[3784,1388],
[3842,1348],
[3822,1130],
[3816,1066],
[3812,1050],
[3842,1020],
[4208,1056],
[4442,1156],
[4442,1140],
[4442,1140],
[4438,1106],
[4438,1118],
[4438,1118],
[4438,1118],
[4438,1118],
[4438,1118],
[4250,1194],
[4198,1174],
[4172,1164],
[4144,1150],
[4124,1130],
[4118,1126],
[4118,1126],
[4124,1128],
[4170,1126],
[4196,1132],
[4238,1150],
[4252,1160],
[4290,1190],
[4314,1192],
[4324,1198],
[4334,1198],
[4352,1202],
[4324,1182],
[4176,1124],
[4218,1188],
[4306,1252],
[4284,1256],
[4142,1256],
[4040,1254],
[4002,1252],
[3972,1218],
[3570,1078],
[3342,986],
[3186,934],
[3128,908],
[3128,894],
[3242,826],
[3292,818],
[3294,826],
[3144,782],
[2806,588],
[2458,512],
[2112,544],
[1800,674],
[1624,746],
[1480,712],
[1364,764],
[1278,772],
[1302,772],
[1300,778],
[1322,770],
[1332,784],
[1362,790],
[1368,786],
[1398,796],
[1300,876],
[1180,984],
[1056,1076],
[1056,1080],
[1046,1120],
[1076,1150],
[1086,1188],
[1130,1204],
[1192,1200],
[1238,1204],
[1264,1204],
[1782,1022],
[2446,902],
[2530,882],
[2558,890],
[2532,866],
[2498,820],
[2546,688],
[2666,550],
[2748,524],
[2810,570],
[2862,608],
[2904,590],
[2942,600],
[2994,614],
[3008,614],
[3062,626],
[3108,640],
[3142,646],
[3196,660],
[3284,662],
[3508,654],
[3654,672],
[3774,758],
[3880,908],
[3884,994],
[3846,954],
[3790,970],
[3740,970],
[3784,990],
[3832,1000],
[3864,1008],
[3744,882],
[3632,830],
[3612,702],
[3592,728],
[3544,776],
[3538,768],
[3564,770],
[3564,770],
[3564,770],
[3544,764],
[3524,788],
[3522,782],
[3484,774],
[3474,772],
[3478,758],
[3464,754],
[3448,728],
[3432,718],
[3422,720],
[3410,720],
[3414,732],
[3402,722],
[3402,722],
[3404,730],
[3404,730],
[3400,724],
[3400,724],
[3400,724],
[3402,732],
[3394,740],
[3398,740],
[3398,740],
[3398,740],
[3398,740],
[3398,740],
[3398,740],
[3398,740],
[3398,742],
[3398,742],
[3398,742],
[3398,742],
[3394,738],
[3394,738],
[3394,742],
[3394,742],
[3394,742],
[3394,742],
[3396,742],
[3394,742],
[3394,742],
[3394,742],
[3394,742],
[3394,742],
[3394,742],
[3394,742],
[3394,742],
[3394,742],
[3394,742],
[3394,742],
[3396,740],
[3302,696],
[3052,538],
[2774,348],
[2586,286],
[2408,292],
[2184,386],
[2038,490],
[1932,570],
[2020,558],
[2040,584],
[2056,620],
[2082,590],
[2094,590],
[2058,584],
[2022,588],
[1926,582],
[1862,586],
[1828,590],
[1754,620],
[1630,674],
[1542,700],
[1460,734],
[1448,758],
[1418,774],
[1388,798],
[1354,822],
[1268,926],
[1188,1060],
[1158,1122],
[1134,1178],
[1128,1228],
[1266,1238],
[1462,1248],
[1684,1178],
[1884,1126],
[2026,1106],
[2124,1102],
[2158,1124],
[2482,1298],
[2856,1568],
[2360,1386],
[2098,1280],
[2156,1270],
[2192,1284],
[2288,1352],
[2320,1366],
[2376,1390],
[2596,1378],
[2794,1368],
[3016,1428],
[3300,1566],
[3266,1554],
[3250,1502],
[3270,1434],
[3188,1350],
[3050,1280],
[3202,1242],
[3668,1280],
[3682,1286],
[3710,1294],
[3726,1368],
[3736,1386],
[3704,1424],
[3596,1440],
[3508,1462],
[3292,1498],
[3152,1530],
[3010,1556],
[2926,1578],
[2864,1600],
[2810,1606],
[2774,1626],
[2750,1638],
[2750,1638],
[2750,1638],
[2750,1638],
[2752,1636],
[2748,1632],
[2762,1630],
[2824,1562],
[2830,1552],
[2806,1218],
[2804,1118],
[2746,1238],
[2714,1410],
[2206,1278],
[1772,1152],
[1552,1092],
[1398,1068],
[1372,992],
[1612,812],
[1678,742],
[1690,706],
[1714,694],
[1746,684],
[1944,640],
[2100,616],
[2132,610],
[2164,604],
[2222,598],
[2254,596],
[2420,578],
[2500,556],
[2510,550],
[2490,564],
[2412,570],
[2378,570],
[2412,568],
[2482,568],
[2532,574],
[2586,572],
[2628,574],
[2696,590],
[2682,598],
[2676,596],
[2688,590],
[2758,580],
[2808,574],
[2820,578],
[2834,580],
[2910,596],
[3018,640],
[3046,668],
[2996,638],
[3076,656],
[3164,674],
[3234,682],
[3314,688],
[3350,702],
[3510,786],
[3408,678],
[3406,694],
[3364,718],
[3168,618],
[3036,616],
[2908,588],
[2822,582],
[2760,568],
[2708,566],
[2666,558],
[2642,544],
[2808,570],
[2854,572],
[2644,514],
[2648,514],
[2650,516],
[2656,520],
[2658,514],
[2656,518],
[2650,508],
[2646,514],
[2526,450],
[2364,478],
[2220,532],
[2180,542],
[2172,554],
[2132,572],
[2126,594],
[2106,624],
[2100,640],
[2088,666],
[2090,684],
[2086,700],
[2080,722],
[2080,784],
[2118,888],
[2126,888],
[2126,910],
[2130,932],
[2186,950],
[2232,958],
[2300,952],
[2356,950],
[2426,944],
[2484,948],
[2528,950],
[2660,862],
[2876,656],
[3040,576],
[3164,586],
[3214,630],
[3272,686],
[3328,678],
[3352,690],
[3400,670],
[3382,700],
[3512,756],
[3506,752],
[3502,752],
[3498,744],
[3498,742],
[3498,756],
[3518,758],
[3508,752],
[3500,744],
[3490,740],
[3470,736],
[3476,738],
[3460,742],
[3454,742],
[3444,740],
[3420,734],
[3420,728],
[3398,740],
[3398,736],
[3398,736],
[3402,728],
[3402,728],
[3402,730],
[3396,740],
[3396,740],
[3396,740],
[3396,740],
[3396,740],
[3396,740],
[3392,740],
[3394,740],
[3394,740],
[3394,740],
[3394,740],
[3394,740],
[3394,740],
[3394,740],
[3396,740],
[3396,738],
[3396,738],
[3396,738],
[3396,740],
[3396,740],
[3396,740],
[3396,740],
[3396,740],
[3396,740],
[3360,720],
[3040,562],
[2774,468],
[2446,384],
[2150,426],
[1992,486],
[1868,556],
[2054,448],
[2174,436],
[2310,484],
[2368,538],
[2402,498],
[2406,498],
[2406,512],
[2412,522],
[2410,526],
[2394,520],
[2392,520],
[2358,522],
[2350,524],
[2340,520],
[2336,526],
[2330,524],
[2332,526],
[2322,534],
[2318,522],
[2318,522],
[2314,522],
[2288,514],
[2180,498],
[2066,544],
[2048,576],
[2070,576],
[2060,582],
[2046,588],
[2026,602],
[2012,616],
[2092,680],
[2196,754],
[2344,850],
[2364,858],
[2394,852],
[2376,844],
[2300,846],
[2236,844],
[1920,636],
[1672,546],
[1516,574],
[1356,610],
[1268,694],
[1210,684],
[1142,716],
[1078,724],
[1052,736],
[1016,736],
[1000,742],
[982,744],
[974,742],
[1064,708],
[844,794],
[860,806],
[888,798],
[888,790],
[914,790],
[918,788],
[918,788],
[946,772],
[950,778],
[938,780],
[920,782],
[902,798],
[882,800],
[846,814],
[816,814],
[812,836],
[798,848],
[796,856],
[810,862],
[808,862],
[816,866],
[816,864],
[816,866],
[816,866],
[816,866],
[812,870],
[812,866],
[812,870],
[814,862],
[806,866],
[812,868],
[812,868],
[820,868],
[816,866],
[816,866],
[812,868],
[812,866],
[808,864],
[812,868],
[812,868],
[812,868],
[812,868],
[812,868],
[812,864],
[810,868],
[810,868],
[810,868],
[810,868],
[810,868],
[810,868],
[810,868],
[810,868],
[814,868],
[814,868],
[840,856],
[1014,668],
[1220,516],
[1418,428],
[1608,398],
[1790,420],
[1936,504],
[2030,594],
[1898,618],
[1916,638],
[1914,648],
[1880,674],
[1816,742],
[1702,818],
[1710,840],
[1740,876],
[1886,996],
[2050,1132],
[2250,1262],
[2226,1320],
[2168,1312],
[2094,1242],
[1944,1078],
[1910,1072],
[1912,1102],
[1982,1090],
[2076,1084],
[2106,1088],
[2182,1066],
[2224,1040],
[2216,1002],
[2052,906],
[1956,854],
[1950,832],
[2006,828],
[2278,726],
[2458,674],
[2592,636],
[2686,576],
[2764,624],
[2842,630],
[2880,638],
[2916,648],
[2954,650],
[2944,652],
[2814,572],
[2550,476],
[2340,440],
[2170,484],
[1990,550],
[2054,552],
[2108,566],
[2148,552],
[2176,548],
[2262,550],
[2366,558],
[2308,560],
[2270,572],
[2218,586],
[2168,598],
[2148,584],
[2128,590],
[2098,594],
[2092,604],
[2082,618],
[2084,622],
[2086,624],
[2122,618],
[2160,620],
[2186,616],
[2208,596],
[2234,590],
[2258,578],
[2218,572],
[2188,556],
[2188,556],
[2216,558],
[2346,502],
[2320,432],
[2328,382],
[2346,416],
[2372,532],
[2336,566],
[2306,550],
[2272,564],
[2228,508],
[2192,524],
[2168,544],
[2140,538],
[2142,542],
[2100,536],
[2096,536],
[2080,532],
[2080,532],
[2084,530],
[2086,530],
[2078,516],
[1932,520],
[1822,576],
[1766,566],
[1756,590],
[1746,588],
[1720,596],
[1706,602],
[1692,608],
[1676,618],
[1602,680],
[1534,742],
[1478,790],
[1438,828],
[1388,886],
[1472,912],
[1534,932],
[1626,970],
[1684,998],
[1824,1060],
[1990,1132],
[2156,1190],
[2470,1314],
[2718,1414],
[2968,1490],
[2974,1100],
[3042,1050],
[3100,1074],
[3086,1066],
[3030,1024],
[3144,1018],
[3066,1054],
[3024,1086],
[2986,1084],
[3032,978],
[2990,938],
[2944,936],
[2892,922],
[2850,916],
[2788,892],
[2780,920],
[2746,940],
[2640,854],
[2516,898],
[2436,864],
[2400,848],
[2378,826],
[2482,740],
[2686,672],
[2854,692],
[2932,686],
[3046,688],
[3100,682],
[3164,694],
[3254,698],
[3604,694],
[3884,754],
[3848,866],
[3488,734],
[3320,710],
[3504,738],
[3512,738],
[3512,738],
[3512,738],
[3512,738],
[3512,738],
[3512,738],
[3512,738],
[3512,738],
[3512,738],
[3512,738],
[3512,738],
[3512,738],
[3454,748],
[3436,748],
[3440,726],
[3416,726],
[3426,724],
[3424,718],
[3412,720],
[3412,722],
[3408,726],
[3408,722],
[3408,722],
[3408,722],
[3400,712],
[3406,724],
[3404,724],
[3402,720],
[3396,718],
[3404,734],
[3390,732],
[3392,738],
[3392,738],
[3392,738],
[3386,742],
[3384,744],
[3392,732],
[3398,736],
[3398,736],
[3396,736],
[3394,734],
[3394,734],
[3394,740],
[3396,740],
[3396,734],
[3396,732],
[3396,732],
[3396,732],
[3392,740],
[3394,736],
[3396,736],
[3168,576],
[2890,378],
[2676,258],
[2394,240],
[2132,286],
[1926,398],
[1738,604],
[1842,556],
[1960,566],
[2024,572],
[2192,500],
[2274,552],
[2084,502],
[1894,550],
[1834,594],
[1886,634],
[1906,644],
[1872,664],
[1876,680],
[1872,700],
[1854,712],
[1842,762],
[1882,780],
[1896,784],
[2250,724],
[2582,704],
[2720,728],
[2768,744],
[2778,794],
[2810,820],
[2832,868],
[2864,868],
[2896,864],
[2884,860],
[2878,860],
[2876,856],
[2728,750],
[2634,682],
[2598,662],
[2584,646],
[2644,622],
[2694,610],
[2738,596],
[2762,592],
[2782,590],
[2788,586],
[2840,594],
[2908,608],
[3026,618],
[3106,630],
[3150,638],
[3194,642],
[3222,650],
[3228,650],
[3216,644],
[3118,634],
[3044,622],
[3024,618],
[3032,620],
[3032,622],
[3046,628],
[3056,632],
[3090,628],
[3108,626],
[3150,642],
[3160,650],
[3136,648],
[3102,646],
[2988,642],
[2844,640],
[2780,652],
[2776,648],
[2796,662],
[2820,670],
[2916,616],
[3030,592],
[3130,682],
[3202,856],
[3284,866],
[3330,898],
[3348,924],
[3452,1012],
[3510,1064],
[3400,1092],
[2838,1042],
[2354,1002],
[2474,1012],
[2786,1108],
[2996,1170],
[3036,1186],
[3100,1170],
[3132,1172],
[3148,1162],
[3176,1166],
[3458,1290],
[3626,1390],
[3384,1346],
[3332,1318],
[3340,1308],
[3318,1298],
[3170,1076],
[3148,988],
[3270,1022],
[3404,1058],
[3444,1070],
[3434,1022],
[3478,1014],
[3486,1026],
[3368,1014],
[3276,1008],
[3128,960],
[3012,950],
[2588,782],
[2504,718],
[2522,728],
[2550,720],
[2560,706],
[2656,688],
[2718,666],
[2750,668],
[2784,658],
[2798,648],
[2826,634],
[2824,638],
[2840,634],
[2690,580],
[2456,564],
[2310,570],
[2184,568],
[2062,564],
[1988,582],
[1908,580],
[1850,580],
[1804,586],
[1764,586],
[1684,590],
[1620,600],
[1570,610],
[1526,614],
[1478,634],
[1332,672],
[1264,706],
[1278,692],
[1292,674],
[1286,666],
[1258,680],
[1236,686],
[1216,694],
[1252,686],
[1284,670],
[1294,670],
[1312,660],
[1320,660],
[1310,608],
[1314,622],
[1314,630],
[1318,632],
[1322,634],
[1326,642],
[1350,656],
[1330,652],
[1352,656],
[1364,644],
[1362,644],
[1362,644],
[1362,644],
[1362,644],
[1354,644],
[1344,648],
[1332,650],
[1332,660],
[1342,678],
[1310,658],
[1346,648],
[1360,644],
[1348,648],
[1362,650],
[1358,652],
[1358,652],
[1356,648],
[1356,648],
[1356,648],
[1356,648],
[1354,652],
[1356,652],
[1356,652],
[1356,652],
[1356,652],
[1356,652],
[1358,654],
[1358,654],
[1358,654],
[1358,654],
[1358,654],
[1360,658],
[1362,646],
[1356,642],
[1358,648],
[1358,648],
[1356,654],
[1352,650],
[1356,650],
[1358,650],
[1358,650],
[1358,650],
[1358,650],
[1358,650],
[1352,640],
[1354,646],
[1354,646],
[1354,646],
[1354,646],
[1354,646],
[1352,652],
[1352,652],
[1354,650],
[1354,650],
[1354,650],
[1354,650],
[1356,652],
[1348,652],
[1354,652],
[1354,650],
[1342,650],
[1182,634],
[1002,664],
[888,750],
[794,812],
[728,774],
[704,824],
[712,926],
[760,788],
[856,738],
[1020,812],
[1218,974],
[1240,904],
[1304,968],
[1344,1066],
[1264,1078],
[1204,1106],
[1144,992],
[1038,784],
[994,716],
[968,718],
[984,766],
[926,758],
[870,856],
[908,860],
[948,854],
[990,846],
[1018,840],
[1046,836],
[1074,830],
[1104,816],
[1028,820],
[974,840],
[952,854],
[952,854],
[930,858],
[932,856],
[940,858],
[930,862],
[930,862],
[930,866],
[930,866],
[930,866],
[930,866],
[932,860],
[932,860],
[932,860],
[932,860],
[928,862],
[934,862],
[936,862],
[950,854],
[1044,766],
[1108,718],
[1234,732],
[1422,820],
[1730,1160],
[1940,1574],
[1900,1516],
[1802,1578],
[1696,1576],
[1280,1504],
[880,1422],
[726,1378],
[654,1374],
[586,1368],
[624,1260],
[686,1160],
[710,1088],
[724,1056],
[710,920],
[750,652],
[858,448],
[1160,312],
[1622,478],
[2170,888],
[2478,1260],
[2642,1376],
[2806,1554],
[2916,1632],
[2934,1680],
[2110,1324],
[1488,1128],
[1174,1114],
[1234,1064],
[1354,1034],
[1444,996],
[1502,970],
[1596,794],
[1636,730],
[1636,694],
[1638,674],
[1654,670],
[1800,646],
[1980,610],
[2114,604],
[2206,590],
[2256,590],
[2264,590],
[2234,594],
[2294,598],
[2340,608],
[2346,600],
[2328,596],
[2336,582],
[2400,574],
[2508,566],
[2582,566],
[2638,566],
[2688,568],
[2698,578],
[2686,572],
[2692,578],
[2674,588],
[2678,612],
[2680,616],
[2684,602],
[2688,594],
[2652,590],
[2596,578],
[2590,586],
[2598,578],
[2620,582],
[2636,582],
[2794,598],
[2954,614],
[3038,630],
[3116,630],
[3164,640],
[3284,662],
[3374,726],
[3410,720],
[3442,542],
[3464,500],
[3494,520],
[3498,574],
[3486,608],
[3424,556],
[3336,568],
[3270,652],
[3238,626],
[3130,614],
[3184,628],
[3188,626],
[3188,626],
[3188,626],
[3188,626],
[3188,626],
[3188,626],
[3188,626],
[3188,626],
[3188,626],
[3188,626],
[3196,628],
[3176,628],
[3110,624],
[3044,622],
[3028,614],
[3028,608],
[3030,604],
[3038,582],
[2996,604],
[3056,582],
[3208,562],
[3386,628],
[3548,776],
[3516,668],
[3442,508],
[3390,498],
[3322,556],
[3204,694],
[3148,696],
[3108,656],
[3068,704],
[3014,744],
[2960,754],
[2920,762],
[2868,782],
[2824,784],
[2800,788],
[2742,812],
[2738,796],
[2704,802],
[2686,810],
[2664,804],
[2650,800],
[2676,796],
[2678,800],
[2882,760],
[3130,798],
[3266,798],
[3364,824],
[3460,828],
[3504,840],
[3526,844],
[3576,850],
[3588,856],
[3588,854],
[3584,856],
[3586,858],
[3586,856],
[3586,834],
[3524,834],
[3498,830],
[3486,830],
[3490,828],
[3500,830],
[3500,828],
[3494,826],
[3488,828],
[3488,828],
[3494,832],
[3494,832],
[3494,832],
[3494,832],
[3494,832],
[3494,832],
[3494,832],
[3496,832],
[3496,834],
[3266,702],
[2936,528],
[2484,288],
[2266,294],
[1998,340],
[1838,434],
[1670,594],
[1722,586],
[1732,604],
[1726,604]